0.123 0.001 0.029 -0.003 0.002 0.001
0.123 -0.0 0.029 -0.004 0.002 -0.001
0.124 0.002 0.028 -0.0 0.0 -0.0
0.123 0.003 0.029 -0.001 0.002 0.002
0.122 0.001 0.03 0.001 -0.001 0.001
0.123 -0.001 0.029 -0.0 0.002 0.001
0.12 0.0 0.029 -0.002 0.001 -0.002
0.121 -0.001 0.031 -0.001 0.003 -0.001
0.122 -0.001 0.031 -0.001 0.0 -0.003
0.122 0.0 0.03 0.0 -0.001 -0.001
0.122 -0.001 0.031 -0.001 -0.003 -0.002
0.122 -0.0 0.032 -0.003 -0.004 -0.001
0.123 0.0 0.03 -0.002 -0.002 -0.001
0.123 -0.001 0.031 -0.003 -0.002 0.001
0.124 0.0 0.03 -0.001 -0.007 -0.003
0.122 0.001 0.027 -0.002 -0.003 -0.002
0.122 0.0 0.029 -0.003 -0.003 -0.006
0.124 -0.0 0.029 -0.005 -0.004 -0.003
0.124 0.001 0.025 -0.002 -0.004 -0.002
0.121 0.003 0.026 -0.002 -0.004 -0.004
0.122 -0.0 0.03 -0.0 -0.004 -0.004
0.124 0.001 0.029 -0.003 -0.005 -0.002
0.124 0.0 0.028 -0.001 -0.002 -0.001
0.123 0.001 0.027 -0.002 -0.003 -0.001
0.123 0.0 0.028 -0.002 -0.002 -0.0
0.122 0.001 0.027 -0.003 -0.001 -0.001
0.123 0.002 0.028 -0.002 -0.0 -0.001
0.124 -0.002 0.028 -0.004 -0.003 -0.003
0.122 0.001 0.025 -0.005 -0.002 -0.0
0.122 0.001 0.025 -0.002 0.001 -0.005
0.124 0.0 0.029 -0.001 -0.0 -0.002
0.121 -0.004 0.031 -0.003 -0.001 -0.007
0.121 -0.002 0.036 0.0 -0.003 -0.004
0.12 0.0 0.03 0.003 -0.004 -0.007
0.126 0.002 0.029 0.003 -0.005 -0.007
0.118 0.005 0.025 0.002 -0.007 -0.005
0.123 0.002 0.027 0.002 -0.003 -0.007
0.123 0.003 0.027 0.004 -0.002 -0.009
0.125 0.009 0.025 0.002 -0.001 -0.01
0.123 0.006 0.026 -0.004 -0.002 -0.005
0.125 0.014 0.029 -0.002 -0.003 -0.005
0.123 0.007 0.029 -0.001 -0.004 0.001
0.12 0.005 0.024 -0.001 -0.003 -0.002
0.123 0.005 0.027 -0.002 -0.004 -0.001
0.124 0.004 0.026 -0.004 -0.001 -0.002
0.125 0.004 0.023 -0.003 -0.003 -0.002
0.124 0.003 0.024 -0.004 -0.004 -0.002
0.123 0.003 0.024 -0.004 -0.001 -0.004
0.124 0.004 0.03 -0.004 -0.004 -0.003
0.12 0.006 0.032 -0.001 -0.001 -0.006
0.122 0.005 0.029 -0.002 -0.001 -0.005
0.125 0.008 0.025 0.0 -0.001 -0.007
0.121 0.008 0.025 -0.0 -0.001 -0.006
0.121 0.007 0.024 -0.001 -0.002 0.002
0.12 0.009 0.025 0.001 -0.004 -0.001
0.122 0.005 0.025 -0.002 -0.0 0.0
0.123 0.008 0.023 -0.005 0.001 0.003
0.124 0.005 0.026 -0.004 0.003 0.003
0.124 0.007 0.029 -0.003 0.0 0.003
0.123 0.004 0.029 -0.002 -0.001 0.002
0.158 -0.042 0.009 0.003 -0.004 0.001
0.122 0.002 0.032 -0.003 -0.002 0.001
0.123 0.007 0.026 -0.003 -0.002 0.005
0.123 0.003 0.025 0.0 -0.0 0.002
0.123 0.004 0.027 -0.0 0.002 0.003
0.122 0.0 0.027 -0.002 0.001 0.002
0.122 0.005 0.028 0.001 -0.0 0.0
0.12 0.006 0.028 -0.003 0.002 -0.001
0.123 0.001 0.03 0.001 0.002 -0.002
0.123 0.008 0.026 0.001 0.001 -0.006
0.121 0.004 0.029 0.001 -0.0 -0.001
0.12 0.006 0.019 0.002 0.001 -0.003
0.127 0.004 0.025 0.008 0.002 0.001
0.123 0.005 0.028 0.006 0.003 0.002
0.124 0.004 0.029 0.001 -0.0 -0.001
0.123 0.006 0.03 0.0 -0.001 0.0
0.124 0.006 0.03 0.002 -0.002 0.002
0.122 0.004 0.03 0.004 0.0 -0.002
0.123 0.007 0.029 0.003 -0.002 -0.002
0.123 0.005 0.033 0.003 0.001 0.001
0.123 0.006 0.027 0.001 -0.001 -0.002
0.122 0.007 0.026 0.001 -0.0 0.001
0.118 0.012 0.03 0.005 0.004 -0.0
0.122 0.006 0.029 0.01 0.001 0.005
0.121 0.006 0.027 0.006 -0.001 0.0
0.123 0.005 0.029 0.005 0.0 0.005
0.122 0.005 0.029 -0.0 0.002 0.002
0.124 0.004 0.029 -0.002 0.001 0.001
0.123 0.006 0.031 -0.003 0.0 0.003
0.123 0.002 0.033 0.0 -0.0 -0.001
0.121 0.004 0.032 -0.001 0.0 -0.002
0.122 0.003 0.031 -0.003 -0.001 0.0
0.123 0.006 0.028 -0.0 -0.0 -0.001
0.121 0.006 0.029 0.001 -0.002 0.002
0.121 0.004 0.03 -0.002 -0.002 0.003
0.122 0.002 0.031 -0.001 0.0 -0.0
0.122 0.004 0.029 -0.003 -0.0 0.003
0.122 0.005 0.031 -0.002 0.001 0.002
0.123 0.004 0.03 -0.005 0.001 0.003
0.123 0.003 0.027 -0.001 0.001 0.002
0.121 0.002 0.031 0.0 -0.0 0.001
0.121 0.004 0.03 -0.003 0.001 0.001
0.123 0.003 0.032 0.001 -0.004 0.001
0.121 0.004 0.032 0.002 0.0 -0.001
0.124 0.005 0.028 -0.001 0.001 0.001
0.122 0.004 0.029 0.001 -0.001 0.002
0.122 0.004 0.03 0.001 0.001 0.001
0.122 0.006 0.028 -0.0 -0.003 0.003
0.122 0.003 0.03 -0.003 -0.0 0.002
0.121 0.004 0.031 -0.003 -0.001 0.003
0.122 0.001 0.029 -0.001 -0.001 -0.001
0.123 0.002 0.029 -0.003 -0.001 0.001
0.123 0.004 0.03 -0.004 -0.001 -0.001
0.123 0.002 0.029 -0.002 -0.002 0.002
0.122 0.001 0.029 -0.0 -0.002 0.001
0.122 0.004 0.03 -0.002 -0.002 -0.002
0.122 0.002 0.031 -0.001 -0.002 0.0
0.123 0.004 0.031 -0.003 -0.001 0.001
0.123 0.005 0.031 -0.003 0.001 -0.003
0.12 0.002 0.031 -0.002 -0.003 0.001
0.122 0.004 0.03 -0.001 -0.003 0.002
0.122 0.003 0.031 -0.003 -0.001 -0.0
0.122 0.002 0.031 -0.005 -0.001 0.001
0.122 0.004 0.032 -0.003 -0.001 0.001
0.122 0.002 0.031 -0.003 -0.002 0.002
0.123 -0.0 0.027 -0.004 -0.004 -0.0
0.123 0.002 0.027 -0.002 -0.003 0.0
0.121 0.002 0.033 0.0 -0.004 -0.001
0.122 0.002 0.033 -0.001 -0.002 -0.003
0.122 0.004 0.032 -0.005 -0.001 0.0
0.122 0.004 0.034 -0.002 -0.0 -0.001
0.122 0.003 0.032 -0.003 -0.001 0.001
0.121 0.002 0.029 -0.005 -0.001 -0.002
0.122 0.004 0.028 -0.002 -0.002 -0.002
0.121 0.002 0.032 -0.002 -0.003 -0.002
0.122 0.005 0.031 -0.001 -0.005 -0.001
0.122 0.006 0.03 -0.002 -0.001 -0.001
0.122 0.003 0.03 0.0 -0.002 0.002
0.122 0.005 0.029 -0.002 0.001 0.0
0.122 0.005 0.029 -0.001 0.001 -0.0
0.121 0.005 0.031 -0.0 -0.001 0.0
0.122 0.005 0.033 -0.001 -0.001 0.002
0.122 0.005 0.032 -0.003 -0.001 0.004
0.12 0.003 0.031 -0.0 -0.0 0.004
0.122 0.004 0.028 -0.002 -0.002 -0.001
0.122 0.003 0.029 -0.002 -0.001 0.005
0.129 0.002 0.03 -0.001 -0.002 0.003
0.12 -0.002 0.033 -0.003 -0.003 0.001
0.12 0.004 0.031 -0.003 0.001 0.002
0.123 0.0 0.029 -0.006 -0.001 -0.002
0.122 0.001 0.029 0.001 -0.0 -0.0
0.121 0.003 0.029 0.001 -0.002 0.001
0.123 0.002 0.031 0.001 -0.001 0.002
0.122 0.002 0.03 -0.002 -0.0 0.003
0.122 0.001 0.031 0.0 -0.001 -0.001
0.123 0.001 0.029 0.0 -0.002 0.001
0.122 0.002 0.029 -0.001 -0.001 -0.001
0.125 0.0 0.03 -0.001 -0.0 0.0
0.122 0.003 0.031 -0.001 -0.002 -0.001
0.123 0.003 0.03 -0.002 0.001 -0.001
0.123 0.002 0.027 -0.002 0.001 -0.0
0.123 0.001 0.028 -0.001 -0.0 0.0
0.123 0.002 0.029 -0.004 -0.002 -0.001
0.122 0.001 0.03 -0.002 -0.0 -0.001
0.123 0.002 0.029 -0.002 0.0 0.003
0.122 0.003 0.031 -0.002 -0.001 0.0
0.121 0.001 0.03 -0.002 0.0 0.001
0.121 0.001 0.032 -0.0 -0.002 0.0
0.122 0.002 0.03 -0.003 0.0 0.004
0.122 -0.0 0.029 -0.001 -0.001 0.001
0.121 -0.0 0.032 -0.004 0.001 0.0
0.122 -0.001 0.03 -0.002 -0.002 -0.0
0.127 0.008 0.045 -0.006 -0.002 -0.002
0.123 -0.001 0.03 -0.001 -0.002 -0.001
0.123 -0.001 0.03 -0.001 -0.001 -0.0
0.122 0.0 0.029 -0.002 -0.001 -0.001
0.123 0.001 0.029 -0.002 -0.0 -0.002
0.122 0.002 0.029 0.001 -0.001 -0.001
0.122 0.002 0.03 -0.001 -0.0 -0.003
0.123 0.001 0.028 -0.004 0.002 -0.003
0.124 0.0 0.028 -0.003 0.001 -0.001
0.125 0.0 0.026 -0.002 -0.003 -0.001
0.12 0.002 0.028 -0.003 -0.001 -0.001
0.122 0.002 0.033 -0.002 -0.004 -0.001
0.122 0.001 0.034 -0.003 -0.004 0.0
0.12 0.002 0.035 -0.001 0.0 0.002
0.121 0.001 0.033 -0.002 0.001 0.0
0.123 0.002 0.031 -0.003 -0.0 0.001
0.121 0.001 0.03 -0.003 -0.001 -0.0
0.122 0.0 0.032 -0.001 -0.0 -0.003
0.121 -0.0 0.032 0.002 -0.001 -0.002
0.123 0.002 0.031 -0.002 -0.001 0.001
0.123 0.004 0.031 -0.001 -0.003 -0.001
0.121 0.002 0.028 -0.001 -0.004 -0.001
0.123 0.004 0.028 0.001 -0.002 0.0
0.123 0.003 0.027 0.0 -0.002 0.001
0.123 0.001 0.03 -0.002 -0.002 0.001
0.122 0.001 0.031 -0.002 -0.003 -0.002
0.122 0.001 0.032 -0.001 -0.0 0.0
0.121 0.001 0.032 -0.003 -0.004 -0.001
0.122 0.0 0.03 -0.002 -0.001 0.0
0.123 0.002 0.031 0.001 -0.003 -0.001
0.122 0.003 0.029 -0.002 -0.004 0.001
0.121 -0.001 0.031 -0.001 -0.003 -0.002
0.123 -0.0 0.032 -0.0 -0.002 0.003
0.121 0.003 0.031 0.0 -0.002 -0.001
0.122 0.002 0.03 -0.002 -0.0 -0.003
0.122 0.002 0.031 -0.003 -0.002 -0.001
0.121 -0.002 0.03 0.002 -0.002 0.001
0.122 0.001 0.031 -0.001 0.0 -0.001
0.122 0.001 0.031 -0.002 -0.002 -0.003
0.121 0.0 0.031 -0.0 -0.002 -0.001
0.122 -0.001 0.029 0.002 -0.001 -0.0
0.122 0.002 0.031 -0.0 -0.002 -0.003
0.121 0.002 0.029 0.0 -0.001 -0.001
0.123 0.003 0.029 0.001 -0.003 0.003
0.123 0.002 0.027 0.0 0.0 -0.0
0.124 0.002 0.026 -0.002 -0.001 -0.002
0.124 0.004 0.028 -0.002 -0.0 -0.001
0.123 0.002 0.03 -0.001 -0.002 -0.001
0.122 0.003 0.031 -0.002 0.0 -0.003
0.123 0.001 0.033 -0.001 -0.005 -0.001
0.121 0.003 0.029 -0.001 -0.003 -0.001
0.121 0.004 0.03 -0.001 -0.003 0.0
0.122 0.003 0.028 0.001 -0.003 0.003
0.121 0.003 0.031 -0.001 -0.003 -0.0
0.121 0.003 0.032 -0.002 -0.002 -0.002
0.123 0.002 0.032 -0.0 -0.0 -0.001
0.124 0.002 0.031 -0.001 -0.001 -0.001
0.121 0.002 0.031 -0.002 -0.003 -0.0
0.123 0.001 0.029 -0.0 -0.001 0.0
0.122 0.002 0.027 0.0 -0.002 0.001
0.122 0.002 0.029 0.001 -0.004 -0.0
0.122 0.003 0.032 0.0 -0.001 0.0
0.123 0.003 0.033 -0.0 -0.001 0.001
0.122 0.002 0.031 -0.0 -0.003 -0.001
0.122 0.003 0.029 0.0 -0.004 -0.001
0.123 0.002 0.029 -0.001 -0.001 -0.002
0.122 0.001 0.031 -0.001 -0.001 -0.002
0.122 0.002 0.03 -0.001 -0.001 -0.001
0.123 0.003 0.031 -0.002 -0.001 -0.002
0.122 0.003 0.031 0.002 -0.002 0.002
0.122 0.004 0.029 -0.0 -0.002 0.001
0.121 0.003 0.031 -0.001 -0.001 0.0
0.124 0.003 0.027 0.0 -0.002 0.0
0.122 0.0 0.031 0.0 -0.003 -0.0
0.123 0.002 0.029 -0.001 -0.002 -0.0
0.123 0.001 0.028 -0.004 -0.001 -0.002
0.122 0.004 0.029 -0.001 -0.002 0.0
0.122 0.003 0.029 -0.002 -0.001 -0.0
0.123 0.003 0.028 -0.003 -0.003 -0.002
0.123 0.003 0.029 -0.002 -0.003 -0.002
0.123 0.003 0.029 -0.002 -0.001 -0.001
0.122 0.003 0.027 -0.001 -0.003 0.0
0.122 0.003 0.028 -0.001 -0.003 -0.001
0.121 0.003 0.029 -0.0 -0.003 0.001
0.123 0.005 0.029 -0.003 -0.0 -0.001
0.122 0.003 0.028 -0.001 0.0 -0.0
0.121 0.003 0.031 -0.001 -0.002 0.0
0.124 0.004 0.03 -0.001 -0.004 0.0
0.122 0.003 0.029 0.0 -0.001 0.0
0.123 0.003 0.03 -0.0 -0.001 0.001
0.122 0.003 0.029 -0.001 -0.002 0.001
0.124 0.002 0.029 -0.001 -0.003 -0.002
0.122 0.003 0.03 -0.001 -0.004 0.001
0.122 0.004 0.029 -0.0 -0.001 -0.002
0.123 0.003 0.029 -0.002 -0.001 -0.001
0.123 0.004 0.031 -0.002 -0.001 0.0
0.123 0.002 0.03 -0.001 -0.002 -0.003
0.123 0.002 0.029 -0.003 -0.001 -0.0
0.121 0.003 0.031 -0.002 -0.002 -0.002
0.123 0.003 0.031 -0.001 -0.002 0.001
0.122 0.003 0.031 -0.002 -0.003 0.001
0.123 0.001 0.033 -0.001 -0.003 0.0
0.122 0.002 0.032 -0.002 -0.007 0.0
0.122 0.005 0.031 -0.001 -0.008 -0.002
0.124 0.006 0.029 -0.001 -0.005 -0.0
0.122 0.005 0.028 0.001 -0.005 0.003
0.125 0.004 0.027 0.004 -0.006 0.004
0.122 0.004 0.027 0.006 -0.005 0.004
0.12 -0.001 0.03 0.005 -0.006 0.004
0.124 0.003 0.028 0.01 -0.008 0.005
0.119 0.002 0.026 0.008 -0.003 0.006
0.122 0.0 0.028 0.01 -0.004 0.002
0.124 0.002 0.026 0.013 -0.002 0.005
0.123 0.001 0.03 0.011 -0.002 -0.002
0.122 0.0 0.027 0.009 -0.0 -0.003
0.122 0.003 0.024 0.009 -0.001 -0.003
0.122 0.001 0.025 0.006 -0.0 -0.002
0.123 0.002 0.025 0.006 -0.001 0.0
0.127 0.005 0.023 0.003 -0.002 -0.001
0.121 0.004 0.021 0.003 -0.003 0.0
0.124 0.004 0.024 0.003 -0.005 0.001
0.123 0.005 0.025 0.001 -0.004 0.002
0.124 0.005 0.024 -0.003 -0.006 0.007
0.124 0.005 0.024 -0.003 -0.005 0.008
0.124 0.006 0.023 -0.005 -0.006 0.006
0.124 0.004 0.025 -0.008 -0.003 0.011
0.12 0.001 0.024 -0.006 -0.004 0.018
0.121 -0.005 0.027 -0.009 -0.003 0.009
0.125 0.002 -0.006 -0.002 -0.004 0.006
0.125 0.001 -0.007 -0.002 -0.004 0.008
0.125 0.001 -0.006 0.0 -0.004 0.005
0.125 -0.001 -0.005 -0.001 -0.005 0.006
0.126 -0.003 -0.004 -0.001 -0.006 0.005
0.124 -0.003 -0.006 -0.001 -0.005 0.006
0.124 -0.002 -0.008 -0.002 -0.005 0.003
0.125 -0.0 -0.007 -0.0 -0.005 0.002
0.126 -0.001 -0.009 -0.0 -0.005 0.003
0.126 -0.001 -0.009 -0.002 -0.003 0.003
0.125 -0.002 -0.008 -0.002 -0.003 -0.0
0.127 -0.003 -0.006 0.0 -0.006 0.003
0.125 -0.004 -0.007 0.002 -0.006 0.001
0.124 -0.001 -0.007 0.0 -0.007 0.0
0.125 -0.001 -0.007 -0.001 -0.006 -0.002
0.126 -0.0 -0.007 -0.001 -0.005 -0.001
0.125 0.0 -0.009 -0.003 -0.004 -0.0
0.125 -0.001 -0.009 -0.0 -0.003 -0.0
0.125 0.0 -0.011 -0.002 -0.004 -0.0
0.125 -0.001 -0.009 -0.001 -0.005 -0.001
0.124 -0.001 -0.01 -0.0 -0.004 0.0
0.127 -0.001 -0.008 -0.001 -0.004 0.001
0.125 -0.001 -0.009 0.002 -0.006 -0.002
0.124 -0.001 -0.008 0.001 -0.005 -0.003
0.124 -0.002 -0.009 -0.0 -0.006 -0.001
0.127 -0.002 -0.009 0.001 -0.005 0.001
0.125 -0.001 -0.009 -0.0 -0.004 -0.001
0.124 -0.002 -0.01 0.001 -0.006 -0.001
0.124 0.0 -0.009 0.0 -0.004 -0.001
0.124 -0.001 -0.009 0.0 -0.004 -0.001
0.124 -0.0 -0.011 0.001 -0.005 -0.003
0.124 -0.002 -0.01 0.001 -0.006 0.002
0.125 0.0 -0.009 -0.0 -0.006 0.001
0.126 -0.002 -0.012 0.0 -0.004 0.001
0.125 -0.002 -0.01 -0.001 -0.004 0.002
0.126 -0.001 -0.011 0.0 -0.006 0.002
0.125 -0.002 -0.01 -0.003 -0.005 -0.0
0.124 -0.0 -0.01 -0.002 -0.006 -0.002
0.125 -0.001 -0.01 -0.002 -0.004 0.001
0.127 -0.002 -0.011 -0.003 -0.004 -0.002
0.124 -0.002 -0.012 -0.001 -0.005 0.002
0.126 -0.003 -0.015 0.001 -0.006 0.002
0.125 0.002 -0.015 0.001 -0.005 -0.001
0.125 0.0 -0.012 -0.001 -0.002 0.001
0.125 -0.002 -0.013 -0.001 -0.005 0.003
0.125 -0.0 -0.014 -0.002 -0.002 -0.001
0.124 -0.001 -0.012 0.0 -0.001 -0.001
0.125 -0.003 -0.014 -0.001 -0.002 0.0
0.125 0.0 -0.014 -0.002 -0.004 -0.001
0.125 -0.001 -0.012 -0.0 -0.005 -0.001
0.123 -0.0 -0.012 0.0 -0.001 -0.001
0.125 -0.0 -0.01 -0.001 -0.003 0.0
0.124 -0.0 -0.011 -0.001 -0.004 0.004
0.123 0.0 -0.012 -0.001 -0.003 0.0
0.123 -0.0 -0.013 -0.002 -0.003 0.0
0.124 -0.0 -0.014 -0.001 -0.001 0.001
0.126 -0.0 -0.015 -0.002 -0.003 0.0
0.125 -0.001 -0.016 -0.002 -0.002 0.002
0.124 0.0 -0.014 -0.004 -0.003 0.002
0.124 -0.001 -0.013 -0.002 -0.002 0.002
0.125 -0.003 -0.013 -0.003 0.0 0.001
0.121 -0.003 -0.013 -0.002 -0.002 -0.001
0.125 -0.002 -0.014 -0.002 -0.002 -0.001
0.123 -0.001 -0.012 -0.001 -0.005 0.003
0.124 -0.0 -0.013 -0.0 -0.002 0.002
0.125 -0.0 -0.014 -0.002 -0.004 0.001
0.124 -0.001 -0.013 -0.0 -0.003 0.001
0.124 -0.002 -0.013 -0.001 -0.001 0.002
0.124 -0.001 -0.012 -0.0 -0.0 -0.0
0.124 -0.002 -0.012 -0.001 -0.003 -0.0
0.122 -0.0 -0.012 -0.002 0.0 0.0
0.124 -0.002 -0.014 -0.001 -0.002 -0.0
0.126 -0.0 -0.013 0.0 -0.0 0.0
0.125 0.0 -0.013 -0.001 -0.003 -0.0
0.124 -0.003 -0.011 -0.002 -0.005 0.0
0.126 -0.003 -0.014 -0.002 -0.001 -0.001
0.124 -0.001 -0.015 -0.003 -0.002 -0.004
0.125 0.001 -0.013 -0.003 0.001 0.0
0.123 0.0 -0.016 -0.001 0.0 -0.002
0.121 -0.0 -0.012 -0.0 -0.002 0.001
0.124 -0.001 -0.013 -0.002 -0.003 -0.002
0.123 0.001 -0.012 -0.002 -0.003 0.001
0.124 0.001 -0.014 -0.001 -0.002 0.001
0.125 0.001 -0.015 -0.003 -0.003 0.001
0.124 -0.002 -0.014 -0.003 -0.004 0.0
0.125 0.001 -0.015 0.001 -0.001 0.0
0.124 -0.001 -0.013 -0.001 -0.003 -0.0
0.124 -0.0 -0.015 0.0 0.001 -0.002
0.125 -0.002 -0.014 -0.002 -0.003 0.001
0.124 -0.002 -0.013 -0.001 0.0 -0.002
0.123 -0.002 -0.013 -0.001 -0.001 -0.003
0.123 -0.001 -0.013 0.002 -0.0 0.0
0.123 -0.001 -0.014 -0.001 -0.001 -0.001
0.124 -0.001 -0.014 0.0 -0.001 -0.0
0.123 0.0 -0.014 -0.004 -0.0 -0.001
0.122 -0.001 -0.011 0.0 -0.002 0.0
0.122 -0.0 -0.013 0.0 -0.0 -0.002
0.124 -0.002 -0.011 -0.002 -0.001 -0.002
0.125 0.0 -0.012 -0.002 0.003 0.001
0.124 -0.0 -0.013 -0.003 -0.0 -0.001
0.124 0.001 -0.012 -0.001 -0.002 0.0
0.125 0.002 -0.014 -0.0 -0.002 0.002
0.125 -0.002 -0.014 -0.0 -0.002 0.003
0.126 -0.001 -0.013 -0.001 -0.001 0.003
0.126 -0.001 -0.013 0.0 -0.001 0.003
0.124 -0.002 -0.013 -0.001 -0.0 0.004
0.125 0.0 -0.014 -0.001 -0.0 0.003
0.122 -0.002 -0.014 -0.002 0.001 0.005
0.123 -0.001 -0.013 -0.001 -0.002 0.002
0.124 -0.001 -0.013 -0.001 0.002 0.003
0.126 -0.003 -0.012 -0.001 -0.001 0.002
0.124 -0.003 -0.011 -0.0 -0.0 0.003
0.124 -0.002 -0.012 0.0 -0.001 0.002
0.124 -0.003 -0.012 -0.0 -0.002 0.0
0.124 -0.002 -0.013 0.001 -0.001 0.001
0.122 -0.001 -0.009 -0.001 0.002 0.002
0.124 -0.002 -0.012 -0.001 0.001 0.002
0.123 -0.002 -0.013 0.001 0.0 0.002
0.125 -0.003 -0.01 -0.002 -0.001 0.002
0.124 -0.002 -0.012 -0.001 0.001 0.003
0.125 -0.0 -0.012 -0.002 0.001 0.004
0.122 -0.002 -0.013 0.0 -0.002 0.004
0.125 -0.003 -0.012 0.002 -0.002 0.003
0.125 -0.005 -0.012 0.001 -0.004 0.006
0.124 -0.005 -0.012 0.0 -0.004 0.004
0.123 -0.007 -0.011 -0.0 -0.004 0.002
0.124 -0.006 -0.012 -0.0 0.001 0.001
0.124 -0.004 -0.01 -0.001 -0.001 -0.001
0.122 -0.004 -0.013 0.001 -0.001 0.0
0.124 -0.002 -0.013 -0.001 -0.002 -0.001
0.125 -0.004 -0.013 -0.001 -0.003 0.001
0.124 -0.001 -0.014 0.0 -0.005 0.003
0.125 -0.003 -0.012 -0.001 -0.004 0.003
0.124 -0.004 -0.011 -0.002 -0.005 -0.0
0.126 -0.006 -0.011 -0.001 -0.002 0.003
0.124 -0.005 -0.012 -0.001 -0.003 0.001
0.125 -0.004 -0.013 -0.001 -0.004 0.003
0.124 -0.005 -0.015 -0.001 -0.003 0.002
0.124 -0.004 -0.011 -0.001 -0.003 0.004
0.123 -0.005 -0.013 -0.004 -0.001 -0.0
0.124 -0.005 -0.014 -0.0 -0.004 0.002
0.125 -0.005 -0.015 0.0 -0.004 0.002
0.122 -0.004 -0.014 0.0 -0.002 0.001
0.124 -0.006 -0.015 -0.002 -0.002 0.001
0.124 -0.006 -0.015 0.001 -0.005 0.002
0.124 -0.006 -0.012 -0.001 -0.002 0.002
0.125 -0.006 -0.013 0.0 -0.002 -0.002
0.124 -0.006 -0.014 0.001 -0.003 0.0
0.123 -0.004 -0.015 -0.001 -0.004 -0.003
0.124 -0.004 -0.015 -0.003 -0.002 -0.005
0.123 -0.004 -0.012 -0.0 -0.001 0.004
0.123 -0.005 -0.012 0.002 -0.002 0.004
0.124 -0.005 -0.015 0.001 -0.003 0.004
0.124 -0.007 -0.014 0.001 -0.002 0.003
0.125 -0.007 -0.014 0.001 -0.001 0.002
0.125 -0.005 -0.012 -0.0 -0.002 0.003
0.124 -0.007 -0.013 -0.003 -0.002 0.002
0.123 -0.006 -0.014 -0.003 0.001 0.0
0.124 -0.007 -0.014 -0.0 -0.002 0.001
0.125 -0.005 -0.016 -0.001 -0.002 0.002
0.123 -0.006 -0.014 0.001 -0.001 0.001
0.124 -0.007 -0.015 0.001 -0.001 0.003
0.123 -0.007 -0.013 0.002 -0.003 0.003
0.123 -0.007 -0.015 -0.002 -0.002 0.002
0.123 -0.006 -0.013 -0.001 -0.001 0.003
0.124 -0.007 -0.014 -0.001 -0.001 0.002
0.123 -0.009 -0.013 0.001 -0.002 0.001
0.123 -0.008 -0.013 0.0 -0.002 0.001
0.124 -0.006 -0.015 -0.003 -0.004 0.002
0.123 -0.008 -0.011 -0.002 -0.002 0.0
0.124 -0.009 -0.014 -0.001 -0.004 -0.001
0.124 -0.007 -0.014 0.0 -0.007 0.003
0.124 -0.008 -0.014 -0.0 -0.006 0.003
0.124 -0.007 -0.012 -0.0 -0.003 0.003
0.123 -0.009 -0.015 -0.001 -0.003 0.004
0.123 -0.006 -0.013 -0.002 -0.005 0.003
0.125 -0.008 -0.013 -0.001 -0.003 0.004
0.124 -0.006 -0.014 -0.0 -0.003 0.005
0.123 -0.007 -0.014 0.001 -0.005 0.005
0.123 -0.008 -0.017 -0.001 -0.006 0.006
0.123 -0.01 -0.015 0.001 -0.006 0.008
0.123 -0.009 -0.016 0.001 -0.003 0.007
0.124 -0.01 -0.017 -0.001 -0.002 0.006
0.123 -0.011 -0.014 0.001 -0.003 0.01
0.125 -0.011 -0.014 -0.001 -0.005 0.007
0.122 -0.012 -0.016 -0.003 -0.005 0.007
0.123 -0.013 -0.015 -0.001 -0.005 0.005
0.123 -0.014 -0.016 -0.003 -0.003 0.006
0.123 -0.012 -0.017 -0.003 -0.004 0.004
0.123 -0.012 -0.015 -0.002 -0.005 0.005
0.122 -0.016 -0.016 -0.003 -0.005 0.002
0.124 -0.011 -0.018 -0.002 -0.004 0.006
0.123 -0.012 -0.016 -0.003 -0.004 0.003
0.123 -0.014 -0.016 -0.003 -0.008 0.005
0.124 -0.015 -0.019 -0.003 -0.006 0.001
0.122 -0.015 -0.019 -0.003 -0.005 -0.001
0.122 -0.016 -0.018 -0.002 -0.005 -0.0
0.123 -0.014 -0.019 -0.003 -0.003 -0.001
0.122 -0.01 -0.02 -0.005 -0.006 -0.001
0.123 -0.015 -0.021 -0.003 -0.004 -0.002
0.124 -0.014 -0.018 -0.002 -0.003 -0.004
0.124 -0.013 -0.018 -0.0 -0.005 -0.002
0.122 -0.011 -0.021 -0.002 -0.006 -0.003
0.123 -0.01 -0.021 -0.003 -0.002 0.0
0.123 -0.012 -0.016 -0.002 -0.004 -0.001
0.123 -0.011 -0.022 -0.003 -0.0 0.0
0.123 -0.01 -0.022 -0.005 -0.001 0.002
0.123 -0.01 -0.02 -0.003 0.001 0.0
0.122 -0.013 -0.021 -0.003 0.001 -0.001
0.124 -0.013 -0.018 -0.006 0.003 0.003
0.124 -0.013 -0.019 -0.002 0.001 0.005
0.123 -0.014 -0.019 -0.003 0.0 0.003
0.123 -0.013 -0.019 -0.003 0.002 0.005
0.123 -0.013 -0.018 -0.0 0.002 0.004
0.123 -0.013 -0.019 -0.002 0.0 0.003
0.122 -0.012 -0.019 -0.004 0.002 0.004
0.123 -0.011 -0.021 -0.002 0.002 0.005
0.123 -0.014 -0.02 0.0 0.003 0.008
0.124 -0.013 -0.018 -0.002 0.005 0.008
0.123 -0.012 -0.018 -0.002 0.007 0.008
0.122 -0.012 -0.019 -0.001 0.004 0.01
0.123 -0.013 -0.018 -0.002 0.008 0.01
0.124 -0.009 -0.019 -0.001 0.006 0.013
0.123 -0.015 -0.019 -0.002 0.008 0.015
0.122 -0.016 -0.017 -0.0 0.008 0.014
0.122 -0.016 -0.016 -0.003 0.01 0.016
0.124 -0.017 -0.016 -0.001 0.008 0.016
0.122 -0.017 -0.014 -0.003 0.012 0.014
0.122 -0.017 -0.015 -0.0 0.011 0.018
0.122 -0.02 -0.013 0.0 0.011 0.017
0.122 -0.022 -0.012 0.0 0.011 0.018
0.124 -0.024 -0.015 0.002 0.013 0.02
0.122 -0.022 -0.014 0.001 0.011 0.02
0.121 -0.026 -0.011 0.003 0.012 0.021
0.121 -0.03 -0.008 0.006 0.016 0.017
0.121 -0.028 -0.008 0.005 0.015 0.013
0.123 -0.028 -0.01 0.006 0.015 0.013
0.123 -0.027 -0.009 0.006 0.015 0.011
0.123 -0.025 -0.013 0.005 0.018 0.012
0.125 -0.025 -0.016 0.006 0.022 0.015
0.122 -0.026 -0.012 0.009 0.02 0.017
0.125 -0.026 -0.013 0.01 0.024 0.017
0.124 -0.027 -0.014 0.01 0.025 0.015
0.126 -0.029 -0.009 0.012 0.027 0.016
0.125 -0.021 -0.007 0.015 0.028 0.018
0.139 -0.026 -0.005 0.019 0.031 0.02
0.14 -0.025 0.02 0.009 0.027 0.021
0.145 -0.008 0.016 -0.002 0.019 0.025
0.151 -0.009 0.019 0.001 0.02 0.036
0.148 -0.019 0.006 0.006 0.02 0.047
0.139 -0.032 -0.002 0.012 0.015 0.046
0.139 -0.039 -0.005 0.019 0.015 0.043
0.131 -0.046 -0.001 0.021 0.011 0.037
0.137 -0.035 -0.003 0.015 0.013 0.045
0.137 -0.029 0.003 0.008 0.016 0.057
0.117 -0.032 0.01 0.013 0.014 0.056
0.114 -0.059 0.001 0.008 0.009 0.062
0.106 -0.047 -0.02 0.011 0.005 0.044
0.106 -0.019 -0.007 -0.0 0.006 0.038
0.1 -0.045 -0.008 0.006 0.004 0.035
0.103 -0.025 0.02 0.011 0.006 0.013
0.104 -0.032 0.013 -0.002 0.004 0.012
0.108 -0.032 0.024 0.005 0.004 0.004
0.104 -0.028 0.022 0.002 0.004 -0.007
0.094 -0.029 0.039 -0.021 -0.005 -0.018
0.102 -0.033 0.01 -0.018 -0.008 -0.028
0.091 -0.029 0.006 -0.03 -0.021 -0.036
0.107 -0.046 0.003 -0.017 -0.025 -0.044
0.111 -0.029 0.001 -0.016 -0.027 -0.054
0.114 -0.037 0.014 -0.013 -0.026 -0.056
0.109 -0.033 0.016 -0.02 -0.027 -0.059
0.106 -0.033 0.024 -0.022 -0.027 -0.059
0.118 -0.046 0.027 -0.022 -0.023 -0.059
0.114 -0.022 -0.003 -0.015 -0.028 -0.067
0.113 -0.062 0.019 -0.019 -0.023 -0.061
0.148 -0.028 0.029 -0.032 -0.019 -0.065
0.134 0.005 0.043 -0.037 -0.007 -0.07
0.112 -0.049 0.012 -0.035 -0.007 -0.067
0.128 -0.045 0.029 -0.027 -0.004 -0.048
0.139 -0.077 0.003 -0.021 -0.004 -0.045
0.113 -0.035 0.014 -0.005 -0.004 -0.051
0.133 -0.055 0.008 0.018 0.001 -0.035
0.119 -0.033 0.022 0.001 -0.0 -0.05
0.135 -0.023 0.029 0.004 0.003 -0.039
0.138 -0.025 0.032 0.012 0.009 -0.043
0.129 -0.019 0.004 0.013 0.005 -0.03
0.131 -0.022 -0.006 0.019 0.003 -0.029
0.141 -0.029 -0.003 0.022 0.001 -0.028
0.133 -0.034 0.004 0.024 -0.0 -0.031
0.131 -0.029 -0.009 0.016 -0.002 -0.04
0.126 -0.015 -0.006 0.015 -0.003 -0.036
0.122 -0.015 -0.011 0.003 -0.01 -0.033
0.12 -0.026 -0.014 0.0 -0.008 -0.022
0.122 -0.033 -0.012 -0.003 -0.013 -0.01
0.121 -0.04 -0.002 -0.004 -0.01 -0.003
0.127 -0.038 -0.007 -0.009 -0.016 0.014
0.131 -0.038 0.006 -0.018 -0.012 0.009
0.125 0.006 -0.014 -0.016 -0.016 0.009
0.132 -0.01 -0.002 -0.015 -0.016 0.012
0.131 -0.016 0.006 -0.015 -0.017 0.009
0.122 -0.021 -0.0 -0.006 -0.007 0.006
0.122 -0.021 -0.001 -0.004 -0.007 0.01
0.123 -0.025 0.001 -0.004 -0.005 0.009
0.122 -0.027 0.0 -0.006 -0.006 0.008
0.122 -0.026 -0.0 -0.005 -0.008 0.004
0.122 -0.027 0.002 -0.005 -0.006 0.004
0.123 -0.029 0.0 -0.008 -0.006 0.001
0.122 -0.027 0.0 -0.006 -0.006 -0.001
0.124 -0.025 -0.004 -0.005 -0.008 -0.0
0.124 -0.024 -0.002 -0.003 -0.009 -0.0
0.121 -0.026 0.0 -0.005 -0.006 0.002
0.124 -0.025 -0.003 -0.005 -0.009 0.002
0.122 -0.026 -0.003 -0.003 -0.008 0.001
0.126 -0.023 -0.006 -0.005 -0.008 0.0
0.121 -0.024 -0.004 -0.008 -0.005 0.0
0.122 -0.023 -0.002 -0.007 -0.006 0.001
0.123 -0.024 -0.003 -0.007 -0.008 0.004
0.124 -0.025 -0.005 -0.005 -0.006 0.002
0.121 -0.024 -0.007 -0.007 -0.006 0.0
0.122 -0.023 -0.005 -0.005 -0.006 0.004
0.123 -0.023 -0.003 -0.006 -0.008 0.006
0.122 -0.025 -0.008 -0.005 -0.007 0.007
0.121 -0.025 -0.006 -0.003 -0.006 0.007
0.121 -0.021 -0.007 -0.004 -0.006 0.011
0.122 -0.023 -0.006 -0.002 -0.007 0.013
0.122 -0.022 -0.006 -0.006 -0.007 0.014
0.122 -0.025 -0.009 -0.004 -0.007 0.017
0.121 -0.029 -0.008 -0.006 -0.009 0.016
0.121 -0.032 -0.008 -0.004 -0.006 0.016
0.12 -0.034 -0.006 -0.006 -0.007 0.017
0.123 -0.035 -0.008 -0.005 -0.007 0.014
0.121 -0.038 -0.006 -0.005 -0.006 0.011
0.118 -0.038 -0.005 -0.004 -0.006 0.004
0.12 -0.034 -0.006 -0.004 -0.006 0.007
0.12 -0.038 -0.008 -0.005 -0.007 0.002
0.121 -0.036 -0.008 -0.006 -0.005 0.001
0.121 -0.034 -0.009 -0.009 -0.005 0.001
0.119 -0.033 -0.011 -0.006 -0.006 -0.001
0.121 -0.033 -0.012 -0.006 -0.005 -0.002
0.121 -0.034 -0.01 -0.008 -0.002 -0.0
0.074 -0.056 -0.009 -0.021 -0.008 -0.009
0.126 -0.038 0.005 -0.004 0.001 -0.001
0.123 -0.025 -0.008 -0.003 -0.004 0.004
0.121 -0.03 -0.016 -0.007 -0.005 0.002
0.122 -0.032 -0.013 -0.004 -0.004 0.007
0.121 -0.029 -0.011 -0.007 -0.004 0.004
0.122 -0.027 -0.016 -0.007 -0.002 0.007
0.126 -0.047 -0.025 -0.007 -0.002 0.01
0.12 -0.027 -0.014 -0.005 -0.001 0.005
0.119 -0.035 -0.01 -0.004 0.0 0.007
0.121 -0.032 -0.011 -0.003 -0.001 0.01
0.122 -0.034 -0.016 -0.0 0.001 0.01
0.12 -0.038 -0.013 -0.001 -0.001 0.01
0.12 -0.042 -0.01 -0.001 -0.001 0.005
0.12 -0.04 -0.013 -0.0 0.003 0.006
0.119 -0.039 -0.012 -0.001 0.004 0.004
0.12 -0.039 -0.011 -0.0 0.003 0.0
0.12 -0.04 -0.012 0.004 0.003 -0.003
0.12 -0.04 -0.013 0.002 0.003 -0.003
0.12 -0.038 -0.013 0.004 0.006 -0.004
0.12 -0.037 -0.009 0.005 0.006 -0.005
0.121 -0.036 -0.011 0.005 0.005 -0.004
0.12 -0.038 -0.009 0.007 0.009 -0.004
0.122 -0.039 -0.01 0.007 0.008 -0.008
0.12 -0.038 -0.009 0.011 0.01 -0.009
0.121 -0.037 -0.007 0.011 0.01 -0.012
0.12 -0.039 -0.009 0.013 0.014 -0.015
0.12 -0.037 -0.003 0.015 0.012 -0.014
0.121 -0.032 -0.004 0.013 0.011 -0.016
0.123 -0.027 -0.004 0.013 0.013 -0.013
0.124 -0.019 -0.009 0.012 0.013 -0.009
0.126 -0.018 -0.006 0.003 0.011 -0.002
0.127 -0.012 0.005 0.005 0.009 0.006
0.131 -0.015 0.005 0.007 0.007 0.015
0.135 -0.011 0.009 0.004 0.005 0.022
0.139 -0.012 0.002 -0.001 0.001 0.032
0.135 -0.022 0.004 -0.007 -0.005 0.039
0.132 -0.019 -0.001 -0.007 -0.001 0.04
0.128 -0.031 -0.009 -0.006 -0.006 0.047
0.121 -0.033 -0.009 -0.004 -0.009 0.044
0.113 -0.029 -0.004 -0.002 -0.006 0.04
0.107 -0.028 0.001 -0.002 -0.005 0.025
0.1 -0.028 0.007 0.0 0.001 0.003
0.098 -0.025 0.008 0.0 0.006 -0.016
0.106 -0.026 0.006 -0.001 0.01 -0.033
0.112 -0.033 0.007 -0.0 0.016 -0.044
0.122 -0.037 0.007 -0.001 0.012 -0.047
0.125 -0.03 0.003 -0.002 0.013 -0.051
0.125 -0.049 -0.002 0.007 0.016 -0.048
0.121 -0.051 0.002 0.015 0.017 -0.047
0.125 -0.051 0.007 0.014 0.01 -0.041
0.12 -0.038 0.014 0.015 0.012 -0.037
0.121 -0.053 0.017 0.016 0.01 -0.029
0.117 -0.051 0.015 0.018 0.007 -0.027
0.12 -0.047 0.005 0.019 0.005 -0.023
0.118 -0.041 -0.006 0.017 0.004 -0.019
0.119 -0.038 -0.006 0.012 0.006 -0.015
0.122 -0.034 -0.01 0.009 0.004 -0.01
0.121 -0.035 -0.002 0.004 0.004 -0.003
0.119 -0.041 0.005 0.001 0.003 0.005
0.126 -0.046 0.039 -0.004 -0.01 0.008
0.138 0.01 -0.019 -0.01 -0.017 -0.001
0.148 0.077 -0.009 -0.0 -0.009 0.056
0.122 -0.009 0.007 0.001 -0.009 0.064
0.101 -0.12 0.013 0.003 -0.003 0.038
0.112 -0.04 0.015 0.005 -0.004 -0.019
0.115 -0.021 0.006 0.008 0.001 -0.034
0.123 -0.022 -0.003 0.001 -0.0 -0.021
0.125 -0.04 -0.004 -0.004 -0.001 -0.008
0.122 -0.057 0.005 -0.002 -0.001 0.006
0.115 -0.062 0.009 -0.007 -0.004 0.007
0.117 -0.005 0.009 -0.007 -0.003 -0.001
0.117 -0.03 0.004 -0.008 -0.003 0.005
0.119 -0.034 0.002 -0.006 -0.004 0.004
0.122 -0.032 0.007 -0.005 -0.004 0.001
0.122 -0.025 0.008 -0.006 -0.003 0.001
0.126 -0.023 0.004 -0.006 -0.006 0.004
0.125 -0.024 0.008 -0.007 -0.004 0.004
0.124 -0.027 0.005 -0.006 -0.005 0.007
0.124 -0.031 0.003 -0.005 -0.003 0.009
0.12 -0.035 0.003 -0.004 -0.005 0.009
0.12 -0.037 0.004 -0.003 -0.005 0.003
0.121 -0.036 0.005 -0.004 -0.006 0.003
0.121 -0.032 0.005 -0.005 -0.005 0.001
0.122 -0.034 0.007 -0.003 -0.005 0.0
0.12 -0.033 0.006 -0.005 -0.006 -0.001
0.123 -0.032 0.002 -0.004 -0.005 -0.002
0.119 -0.03 0.003 -0.002 -0.005 -0.004
0.123 -0.031 0.003 -0.003 -0.004 -0.004
0.123 -0.029 0.002 -0.003 -0.003 -0.003
0.123 -0.028 0.001 -0.002 -0.003 -0.001
0.121 -0.029 0.002 -0.001 -0.007 -0.0
0.122 -0.031 0.001 0.001 -0.005 0.001
0.122 -0.029 0.0 -0.002 -0.006 0.001
0.123 -0.027 0.001 -0.005 -0.006 0.003
0.122 -0.029 0.001 -0.003 -0.003 0.003
0.123 -0.03 0.001 -0.003 -0.004 0.001
0.121 -0.029 -0.0 -0.003 -0.004 0.005
0.123 -0.031 0.001 -0.003 -0.003 0.002
0.122 -0.031 0.002 -0.002 -0.002 0.004
0.122 -0.031 -0.001 -0.004 -0.005 0.004
0.121 -0.032 0.001 -0.002 -0.001 0.004
0.122 -0.031 0.0 -0.003 -0.004 0.004
0.121 -0.03 0.003 -0.002 -0.003 0.005
0.122 -0.031 0.001 -0.005 -0.004 0.005
0.122 -0.03 0.0 -0.003 -0.005 0.005
0.121 -0.031 -0.001 -0.003 -0.005 0.006
0.12 -0.032 0.001 -0.006 -0.003 0.005
0.121 -0.032 0.002 -0.004 -0.004 0.005
0.119 -0.032 0.002 -0.005 -0.005 0.007
0.113 -0.054 -0.016 -0.001 -0.003 -0.001
0.112 -0.053 -0.015 -0.001 -0.001 -0.001
0.113 -0.053 -0.016 -0.003 -0.002 -0.001
0.112 -0.054 -0.016 -0.001 -0.0 -0.003
0.113 -0.053 -0.016 -0.001 -0.0 -0.001
0.112 -0.052 -0.018 -0.001 -0.004 0.001
0.112 -0.052 -0.016 0.0 -0.002 0.003
0.113 -0.053 -0.015 0.0 -0.003 0.001
0.111 -0.054 -0.016 -0.0 -0.001 -0.002
0.112 -0.052 -0.016 0.002 -0.001 -0.0
0.112 -0.052 -0.015 -0.001 0.001 -0.001
0.113 -0.052 -0.016 -0.001 0.0 0.002
0.111 -0.054 -0.015 -0.002 -0.001 -0.001
0.112 -0.055 -0.016 -0.003 -0.0 -0.001
0.113 -0.055 -0.017 0.0 -0.001 -0.0
0.112 -0.052 -0.014 -0.001 -0.001 0.0
0.112 -0.052 -0.017 -0.001 -0.001 -0.001
0.113 -0.053 -0.015 0.0 -0.002 -0.001
0.112 -0.051 -0.017 -0.0 -0.0 0.0
0.113 -0.054 -0.014 -0.0 0.0 -0.0
0.112 -0.053 -0.016 0.0 -0.0 0.0
0.113 -0.053 -0.015 -0.002 0.001 -0.003
0.114 -0.051 -0.014 -0.001 0.0 0.001
0.114 -0.051 -0.016 -0.002 -0.0 -0.001
0.111 -0.053 -0.015 -0.001 0.002 -0.001
0.112 -0.056 -0.014 0.001 -0.001 0.0
0.112 -0.052 -0.015 0.0 -0.005 0.001
0.113 -0.051 -0.015 -0.002 -0.0 -0.001
0.114 -0.052 -0.021 0.0 -0.004 -0.0
0.113 -0.053 -0.015 0.001 0.0 0.001
0.114 -0.053 -0.012 -0.001 0.002 -0.0
0.113 -0.055 -0.012 -0.002 0.001 -0.002
0.113 -0.054 -0.014 -0.002 -0.0 -0.005
0.113 -0.054 -0.016 -0.004 0.002 -0.004
0.113 -0.053 -0.015 -0.001 -0.001 -0.005
0.114 -0.052 -0.015 -0.0 -0.002 -0.004
0.113 -0.051 -0.013 -0.0 -0.001 -0.002
0.112 -0.053 -0.016 0.003 -0.003 -0.001
0.112 -0.053 -0.016 0.003 -0.001 -0.002
0.114 -0.051 -0.018 0.0 0.0 -0.005
0.114 -0.053 -0.012 -0.001 0.001 -0.003
0.114 -0.048 -0.015 0.001 0.0 -0.004
0.113 -0.048 -0.015 0.001 0.004 -0.002
0.112 -0.047 -0.014 -0.001 0.001 0.002
0.114 -0.05 -0.014 0.001 0.002 0.003
0.112 -0.049 -0.016 0.001 0.002 0.003
0.113 -0.052 -0.015 -0.0 -0.0 0.004
0.113 -0.056 -0.007 0.0 0.003 0.005
0.112 -0.054 -0.007 -0.0 -0.001 0.002
0.112 -0.053 -0.01 -0.002 -0.002 0.002
0.112 -0.053 -0.015 -0.001 -0.002 -0.0
0.114 -0.051 -0.015 -0.001 -0.0 -0.002
0.112 -0.053 -0.012 -0.001 -0.002 0.0
0.112 -0.054 -0.007 -0.002 -0.002 -0.001
0.112 -0.052 -0.011 -0.002 -0.001 0.001
0.114 -0.053 -0.012 -0.001 -0.003 0.001
0.112 -0.052 -0.014 -0.002 -0.005 -0.002
0.113 -0.051 -0.014 0.0 -0.003 -0.002
0.114 -0.052 -0.013 -0.0 -0.006 -0.006
0.112 -0.053 -0.014 -0.002 -0.004 -0.006
0.116 -0.052 -0.017 -0.002 -0.005 -0.006
0.112 -0.051 -0.018 -0.002 -0.003 -0.006
0.114 -0.051 -0.019 -0.001 -0.002 -0.004
0.114 -0.049 -0.02 0.001 -0.003 -0.002
0.114 -0.051 -0.015 0.0 0.001 -0.005
0.115 -0.05 -0.014 -0.001 -0.001 -0.004
0.115 -0.048 -0.014 0.0 0.0 -0.004
0.113 -0.053 -0.014 0.001 -0.002 -0.003
0.114 -0.053 -0.014 -0.002 0.0 -0.005
0.114 -0.05 -0.016 0.0 0.002 -0.007
0.114 -0.048 -0.016 0.001 0.003 -0.008
0.115 -0.05 -0.013 0.0 0.004 -0.004
0.114 -0.047 -0.014 0.002 0.003 -0.005
0.116 -0.045 -0.014 0.001 0.002 -0.004
0.115 -0.048 -0.014 0.002 0.005 -0.004
0.114 -0.05 -0.012 0.001 0.004 -0.002
0.115 -0.048 -0.011 0.001 0.003 -0.004
0.115 -0.047 -0.01 0.001 0.002 -0.005
0.115 -0.047 -0.013 0.005 0.002 -0.003
0.117 -0.045 -0.013 0.001 0.006 -0.001
0.117 -0.048 -0.012 0.001 0.004 -0.001
0.115 -0.051 -0.01 -0.0 0.005 -0.003
0.114 -0.05 -0.01 0.001 0.005 -0.005
0.116 -0.047 -0.009 -0.0 0.005 -0.004
0.116 -0.048 -0.01 0.0 0.003 -0.003
0.115 -0.049 -0.01 0.001 0.001 -0.004
0.115 -0.047 -0.013 0.004 0.002 -0.003
0.115 -0.049 -0.009 0.002 0.003 -0.003
0.116 -0.045 -0.01 0.002 0.003 -0.005
0.116 -0.047 -0.011 0.004 0.003 -0.005
0.115 -0.046 -0.009 0.003 0.003 -0.007
0.117 -0.046 -0.007 0.002 0.003 -0.005
0.117 -0.047 -0.009 0.002 0.002 -0.007
0.116 -0.049 -0.008 -0.001 0.005 -0.005
0.117 -0.048 -0.006 0.002 0.001 -0.007
0.115 -0.044 -0.007 0.003 0.002 -0.006
0.118 -0.043 -0.007 0.003 0.0 -0.005
0.117 -0.046 -0.009 0.002 0.002 -0.005
0.117 -0.043 -0.007 0.003 0.003 -0.001
0.118 -0.045 -0.008 0.002 0.003 -0.003
0.117 -0.049 -0.007 0.005 0.005 -0.003
0.117 -0.044 -0.009 -0.001 0.004 -0.003
0.117 -0.042 -0.009 0.001 0.003 -0.003
0.118 -0.044 -0.009 -0.001 0.005 -0.002
0.118 -0.046 -0.006 -0.002 0.002 -0.002
0.118 -0.046 -0.007 0.001 0.002 0.001
0.118 -0.045 -0.005 0.003 0.006 0.001
0.119 -0.046 -0.005 0.002 0.003 0.0
0.12 -0.046 -0.005 -0.003 0.001 -0.003
0.118 -0.042 -0.003 -0.001 0.003 -0.002
0.122 -0.041 -0.006 -0.002 0.004 0.0
0.126 -0.033 -0.003 -0.005 0.002 -0.001
0.12 -0.048 0.003 -0.005 -0.0 0.004
0.115 -0.044 -0.002 -0.003 0.002 0.002
0.12 -0.045 -0.003 -0.002 0.0 0.002
0.121 -0.04 -0.004 0.004 0.003 0.006
0.125 -0.038 -0.004 0.002 0.001 0.009
0.128 -0.036 -0.001 0.0 -0.001 0.013
0.128 -0.031 -0.005 0.002 -0.002 0.018
0.131 -0.035 -0.003 0.006 -0.001 0.023
0.134 -0.043 -0.004 0.006 -0.001 0.024
0.138 -0.042 -0.005 0.008 -0.002 0.021
0.133 -0.029 -0.0 0.007 -0.001 0.024
0.136 -0.03 -0.003 -0.002 0.002 0.028
0.131 -0.028 -0.008 -0.001 0.002 0.029
0.136 -0.03 0.001 0.0 0.005 0.029
0.119 -0.032 -0.004 -0.0 0.004 0.019
0.11 -0.026 -0.002 -0.0 0.005 0.009
0.108 -0.029 0.005 0.008 0.008 -0.002
0.107 -0.04 0.011 0.005 0.007 -0.013
0.104 -0.029 0.005 0.006 0.008 -0.029
0.102 -0.035 0.006 0.01 0.007 -0.038
0.106 -0.034 0.006 0.003 0.008 -0.048
0.107 -0.029 0.007 -0.001 0.007 -0.054
0.111 -0.028 -0.002 0.001 0.008 -0.057
0.113 -0.037 0.003 0.003 0.007 -0.059
0.115 -0.037 0.001 0.002 0.008 -0.059
0.117 -0.036 0.005 0.004 0.007 -0.061
0.117 -0.035 0.007 0.006 0.005 -0.057
0.121 -0.036 0.002 0.004 0.004 -0.052
0.121 -0.032 0.008 0.009 0.009 -0.048
0.122 -0.036 0.013 0.015 0.007 -0.04
0.13 -0.051 0.012 0.01 0.003 -0.036
0.117 -0.025 0.014 0.01 0.002 -0.037
0.113 -0.034 0.019 0.002 -0.002 -0.026
0.106 -0.032 0.01 0.001 -0.005 -0.031
0.099 -0.026 0.008 -0.0 -0.008 -0.032
0.101 -0.027 0.012 0.004 -0.006 -0.041
0.13 -0.007 0.0 0.021 -0.001 -0.062
0.153 -0.036 0.008 0.016 -0.004 -0.027
0.215 0.017 -0.012 -0.013 -0.001 0.035
0.194 0.025 0.005 -0.028 -0.005 0.074
0.11 -0.009 -0.015 -0.041 -0.018 0.059
0.118 0.028 0.02 -0.014 -0.007 0.033
0.156 0.039 -0.008 -0.012 -0.007 0.009
0.135 0.011 -0.016 -0.012 -0.002 -0.001
0.13 0.009 0.001 -0.003 0.003 -0.011
0.114 -0.01 -0.003 -0.005 0.006 -0.013
0.122 -0.024 0.004 -0.006 0.008 -0.007
0.141 -0.028 -0.007 -0.009 0.005 -0.003
0.123 -0.013 -0.009 -0.001 0.01 0.002
0.122 -0.034 -0.016 -0.004 0.01 0.006
0.133 -0.012 -0.012 -0.003 0.01 0.002
0.12 0.005 -0.008 -0.002 0.011 0.005
0.129 -0.014 -0.006 0.001 0.011 0.007
0.119 -0.008 -0.009 0.001 0.018 0.005
0.12 -0.009 -0.05 -0.01 0.013 0.001
0.11 -0.057 -0.017 -0.005 0.016 0.014
0.109 -0.065 -0.009 -0.005 0.012 0.016
0.123 -0.069 -0.004 -0.008 0.009 0.02
0.128 -0.041 0.005 -0.001 0.012 0.015
0.129 -0.024 0.025 0.005 0.017 0.003
0.128 -0.004 0.004 0.006 0.021 -0.002
0.131 0.021 0.009 0.008 0.025 -0.009
0.138 0.025 0.013 0.007 0.032 -0.015
0.131 0.027 0.012 0.009 0.026 -0.021
0.115 0.017 0.021 0.008 0.032 -0.03
0.119 -0.046 0.024 0.014 0.033 -0.026
0.112 -0.048 0.009 0.017 0.029 -0.023
0.113 -0.058 0.015 0.016 0.025 -0.014
0.126 -0.067 -0.001 0.014 0.03 -0.009
0.116 -0.072 0.006 0.012 0.026 -0.003
0.103 -0.104 -0.009 -0.004 0.025 0.019
0.088 -0.119 0.01 -0.002 0.023 0.04
0.098 -0.097 -0.01 -0.004 0.026 0.056
0.079 -0.098 -0.003 -0.009 0.019 0.058
0.117 -0.092 -0.011 -0.006 0.029 0.058
0.104 -0.08 0.026 0.017 0.033 0.057
0.115 -0.075 0.034 0.025 0.034 0.055
0.115 -0.059 0.051 0.031 0.037 0.055
0.16 0.023 0.028 0.049 0.049 0.038
0.237 -0.01 0.054 0.076 0.062 0.071
0.186 0.073 0.062 0.099 0.064 0.075
0.208 0.07 -0.041 0.08 0.05 0.079
0.222 0.035 -0.068 0.08 0.022 0.059
0.195 0.051 -0.063 0.071 -0.0 0.066
0.122 0.015 -0.067 0.04 -0.017 0.052
0.123 -0.018 -0.066 0.061 -0.029 0.024
0.089 -0.07 -0.004 0.067 -0.035 0.01
0.087 -0.044 0.033 0.016 -0.038 -0.004
0.089 0.034 0.059 -0.062 -0.039 -0.013
0.125 0.06 -0.049 -0.102 -0.056 -0.011
0.085 0.049 -0.031 -0.075 -0.067 -0.001
0.09 -0.045 -0.061 -0.025 -0.08 -0.007
0.093 -0.054 -0.005 -0.007 -0.086 -0.045
0.104 -0.035 0.032 -0.002 -0.079 -0.05
0.105 -0.047 0.056 -0.03 -0.075 -0.049
0.104 -0.01 0.046 -0.033 -0.073 -0.046
0.094 -0.064 0.025 -0.05 -0.072 -0.027
0.097 -0.062 0.046 -0.049 -0.069 -0.039
0.093 -0.045 0.05 -0.053 -0.058 -0.045
0.098 -0.059 0.045 -0.058 -0.042 -0.057
0.094 -0.023 0.051 -0.056 -0.034 -0.064
0.085 -0.07 0.048 -0.057 -0.021 -0.066
0.154 -0.076 0.03 -0.087 -0.015 -0.078
0.099 -0.008 0.036 -0.054 -0.002 -0.069
0.042 0.017 0.027 -0.044 0.009 -0.077
0.107 -0.108 0.019 -0.045 0.012 -0.069
0.102 -0.028 0.036 -0.05 0.01 -0.069
0.116 -0.063 0.037 -0.044 0.012 -0.049
0.087 -0.018 0.022 -0.021 0.003 -0.05
0.165 -0.144 -0.05 -0.012 -0.01 0.015
0.213 0.105 0.081 0.023 0.022 0.009
0.25 0.01 0.1 -0.045 0.011 0.088
0.124 -0.024 -0.036 -0.086 -0.019 0.075
0.106 0.061 -0.0 -0.032 -0.008 0.044
0.159 0.045 -0.018 -0.03 0.003 0.033
0.146 0.019 -0.021 -0.014 0.009 0.019
0.134 0.009 0.013 -0.006 0.011 0.015
0.128 -0.001 -0.01 -0.018 0.012 0.015
0.113 -0.016 -0.002 -0.017 0.011 0.022
0.13 -0.021 0.014 -0.01 0.011 0.017
0.13 0.011 0.007 -0.008 0.014 0.006
0.124 0.024 0.006 -0.008 0.015 0.004
0.129 0.001 0.003 -0.01 0.016 -0.005
0.124 -0.0 0.023 -0.005 0.019 -0.007
0.129 -0.003 0.007 -0.001 0.023 -0.009
0.123 -0.018 -0.015 0.002 0.026 -0.007
0.129 -0.035 -0.019 0.004 0.025 -0.004
0.119 -0.051 -0.018 0.002 0.028 0.006
0.115 -0.05 -0.024 -0.003 0.026 0.011
0.112 -0.074 -0.0 0.003 0.022 0.022
0.116 -0.06 0.015 0.003 0.024 0.018
0.12 -0.032 0.008 0.002 0.021 0.01
0.124 -0.027 0.028 0.011 0.026 0.003
0.123 -0.024 0.015 0.012 0.029 -0.008
0.129 -0.024 0.009 0.011 0.03 -0.004
0.108 -0.026 -0.002 0.011 0.029 -0.003
0.125 -0.046 -0.011 0.015 0.034 0.005
0.105 -0.029 0.005 0.011 0.029 0.015
0.132 -0.035 -0.014 0.008 0.026 0.015
0.102 -0.049 0.011 0.007 0.026 0.03
0.121 -0.081 0.009 0.003 0.019 0.035
0.113 -0.069 0.022 0.008 0.022 0.041
0.116 -0.035 0.025 0.015 0.025 0.039
0.126 -0.03 0.028 0.02 0.029 0.034
0.135 -0.015 0.035 0.031 0.036 0.037
0.258 0.024 -0.016 0.039 0.054 0.012
0.212 0.081 -0.01 0.057 0.056 0.024
0.216 0.041 -0.022 0.045 0.03 0.031
0.192 0.058 -0.009 0.048 0.019 0.029
0.206 0.041 -0.046 0.049 -0.002 0.032
0.184 -0.039 -0.046 0.07 -0.003 0.061
0.15 -0.018 -0.027 0.075 0.001 0.018
0.118 -0.018 -0.02 0.055 -0.01 0.011
0.077 -0.119 0.092 0.038 -0.002 0.048
0.056 -0.034 0.015 -0.04 -0.03 0.039
0.092 -0.004 -0.024 -0.04 -0.046 0.054
0.083 0.08 -0.033 -0.054 -0.072 0.023
0.066 -0.025 -0.064 0.008 -0.079 0.024
0.064 -0.057 -0.013 0.016 -0.076 -0.011
0.065 -0.054 0.016 0.013 -0.071 -0.03
0.088 -0.074 0.031 -0.012 -0.071 -0.036
0.095 -0.004 0.034 -0.034 -0.068 -0.048
0.104 -0.01 0.018 -0.049 -0.063 -0.035
0.094 -0.04 0.035 -0.047 -0.066 -0.043
0.093 -0.026 0.044 -0.042 -0.059 -0.056
0.099 -0.057 0.042 -0.042 -0.054 -0.064
0.103 -0.02 0.042 -0.042 -0.044 -0.075
0.117 -0.034 0.038 -0.043 -0.039 -0.064
0.122 -0.028 0.047 -0.055 -0.026 -0.064
0.111 0.002 0.055 -0.048 -0.011 -0.056
0.117 0.006 0.056 -0.06 0.003 -0.066
0.121 -0.008 0.056 -0.042 0.0 -0.058
0.082 -0.025 0.053 -0.04 0.012 -0.029
0.087 -0.091 0.026 -0.06 0.006 -0.044
0.104 -0.042 0.002 -0.057 0.007 -0.046
0.108 -0.075 0.003 -0.046 0.008 -0.033
0.117 -0.032 0.029 -0.028 0.013 -0.031
0.088 -0.067 0.029 -0.03 0.007 -0.022
0.183 -0.194 -0.109 -0.046 0.018 0.04
0.244 0.1 0.021 -0.012 0.02 0.016
0.243 -0.054 0.047 -0.058 -0.005 0.111
0.104 -0.021 0.001 -0.052 -0.025 0.101
0.113 0.004 0.022 -0.019 -0.013 0.051
0.167 0.055 -0.001 -0.01 0.005 0.014
0.156 0.031 0.014 0.014 0.018 -0.001
0.118 -0.023 0.066 0.024 0.025 -0.002
0.119 -0.027 0.008 0.014 0.016 0.002
0.12 -0.073 0.005 0.001 0.006 0.015
