0.126 -0.011 -0.013 -0.005 -0.013 0.036
0.145 -0.007 -0.036 -0.016 -0.015 0.029
0.117 -0.004 -0.022 -0.025 -0.017 0.035
0.112 -0.016 -0.012 -0.029 -0.015 0.054
0.112 -0.044 -0.021 -0.032 -0.019 0.068
0.116 -0.06 -0.026 -0.036 -0.014 0.076
0.115 -0.072 -0.026 -0.032 -0.015 0.095
0.099 -0.08 -0.022 -0.028 -0.018 0.108
0.101 -0.091 -0.011 -0.018 -0.021 0.11
0.087 -0.094 -0.011 -0.014 -0.029 0.116
0.08 -0.12 -0.007 0.011 -0.031 0.117
0.084 -0.119 -0.012 0.026 -0.04 0.114
0.082 -0.136 0.011 0.029 -0.047 0.107
0.078 -0.145 -0.014 0.038 -0.047 0.095
0.09 -0.144 -0.034 0.046 -0.041 0.097
0.117 -0.146 -0.036 0.044 -0.027 0.083
0.187 -0.148 -0.045 0.055 -0.024 0.072
0.166 -0.229 -0.04 0.07 -0.021 0.097
0.184 -0.225 0.028 0.105 -0.006 0.074
0.282 -0.121 -0.015 0.173 0.02 0.073
0.28 -0.134 -0.008 0.206 0.024 0.09
0.244 -0.025 -0.025 0.188 0.026 0.025
0.325 0.103 -0.103 0.038 0.016 0.089
0.212 0.155 -0.077 0.054 0.028 0.112
0.149 0.202 -0.073 0.078 0.024 0.131
0.001 0.202 -0.064 0.015 0.018 0.174
0.108 -0.109 0.009 -0.07 -0.01 0.311
0.21 -0.067 -0.051 -0.075 -0.032 0.164
0.161 0.217 0.012 -0.024 -0.027 0.048
0.068 0.114 0.002 -0.018 -0.027 0.11
0.03 0.012 0.009 -0.039 -0.026 0.06
0.072 0.035 -0.012 -0.053 -0.015 -0.017
0.097 0.046 -0.027 -0.071 -0.006 -0.039
0.126 0.037 -0.029 -0.074 0.006 -0.049
0.131 0.015 -0.026 -0.067 0.012 -0.056
0.139 0.028 -0.02 -0.066 0.025 -0.095
0.139 0.022 -0.039 -0.071 0.036 -0.124
0.182 0.098 -0.024 -0.064 0.038 -0.14
0.251 -0.169 0.01 -0.089 0.036 -0.022
0.207 -0.439 0.104 -0.134 0.05 -0.106
0.106 0.269 0.004 -0.044 0.046 -0.208
0.115 0.127 -0.012 0.006 0.09 -0.137
-0.055 -0.494 0.149 0.021 0.116 0.085
-0.019 0.047 -0.181 -0.059 0.047 -0.324
0.242 -0.021 -0.13 -0.064 0.062 -0.109
0.155 -0.202 -0.001 -0.019 0.049 -0.169
0.163 -0.177 -0.058 -0.005 0.031 -0.194
0.178 -0.168 -0.155 -0.045 0.006 -0.181
0.11 -0.208 -0.017 -0.053 0.028 -0.137
0.0 -0.231 -0.011 -0.04 0.027 -0.144
0.037 -0.163 -0.039 -0.041 0.013 -0.135
0.046 -0.141 -0.038 -0.053 0.001 -0.101
0.112 -0.183 0.037 -0.018 0.028 -0.063
0.109 -0.158 0.02 -0.005 -0.004 -0.029
0.107 -0.116 -0.002 0.003 0.004 -0.005
0.108 -0.096 -0.017 -0.005 -0.004 0.009
0.118 -0.083 -0.016 -0.011 0.004 0.003
0.131 -0.067 -0.06 -0.001 -0.007 -0.017
0.114 -0.051 -0.017 0.014 -0.004 -0.017
0.107 -0.068 0.002 0.004 -0.012 -0.015
0.122 -0.036 -0.01 -0.004 -0.012 -0.011
0.123 -0.04 -0.013 -0.009 -0.014 -0.002
0.122 -0.044 -0.01 -0.005 -0.012 0.003
0.12 -0.034 -0.016 -0.007 -0.011 0.005
0.122 -0.036 -0.014 -0.006 -0.008 0.009
0.122 -0.039 -0.009 -0.002 -0.006 0.014
0.121 -0.046 -0.016 -0.004 -0.008 0.027
0.113 -0.06 -0.006 -0.0 -0.009 0.039
0.108 -0.06 -0.017 0.001 -0.011 0.055
0.101 -0.08 -0.025 -0.007 -0.014 0.072
0.091 -0.103 -0.031 0.008 -0.015 0.092
0.075 -0.115 -0.033 0.008 -0.021 0.118
0.062 -0.126 -0.033 0.005 -0.028 0.136
0.07 -0.155 -0.035 0.007 -0.024 0.146
0.088 -0.199 -0.051 0.015 -0.024 0.142
0.113 -0.218 -0.056 0.02 -0.024 0.129
0.156 -0.295 -0.06 0.028 -0.03 0.167
0.19 -0.033 0.013 0.02 -0.028 0.075
0.223 -0.054 -0.032 0.064 -0.027 0.107
0.284 -0.168 -0.057 0.112 -0.035 0.139
0.226 -0.27 0.009 0.181 -0.039 0.126
0.38 -0.053 -0.088 0.079 -0.032 0.079
0.253 0.086 -0.013 0.088 -0.037 0.083
0.087 0.17 -0.02 0.138 -0.025 0.053
0.119 0.197 0.015 0.115 0.03 0.151
0.207 -0.21 -0.031 0.018 -0.028 0.234
0.111 -0.024 -0.047 0.034 -0.027 0.132
0.117 0.323 -0.012 0.064 -0.024 0.006
0.059 0.183 -0.04 0.052 0.003 0.092
0.062 0.052 0.0 -0.01 -0.011 0.07
0.105 0.037 -0.03 0.0 -0.014 0.004
0.097 0.053 -0.034 0.011 -0.016 -0.022
0.078 0.036 -0.018 0.015 -0.025 -0.015
0.098 -0.002 0.012 0.009 -0.02 -0.043
0.095 -0.018 0.003 -0.019 -0.032 -0.058
0.095 0.003 0.038 -0.029 -0.014 -0.097
0.122 0.015 0.013 -0.051 -0.002 -0.115
0.135 0.023 0.02 -0.067 0.012 -0.104
0.148 -0.031 0.002 -0.093 0.013 -0.097
0.212 0.048 0.027 -0.096 0.013 -0.066
0.232 -0.131 -0.044 -0.093 0.019 -0.02
0.173 -0.314 0.076 -0.135 0.018 -0.036
0.166 0.109 0.061 -0.103 0.04 -0.107
0.173 -0.027 -0.052 -0.045 0.045 -0.032
0.202 -0.263 0.019 -0.065 0.045 -0.026
0.145 -0.029 -0.059 -0.042 0.036 -0.092
0.146 -0.128 -0.08 -0.038 0.027 -0.06
0.11 -0.091 -0.04 -0.029 0.038 -0.102
0.061 -0.02 -0.031 -0.029 0.045 -0.133
0.019 -0.04 0.002 0.015 0.079 -0.189
-0.001 -0.068 0.048 -0.024 0.075 -0.183
0.044 -0.297 -0.03 -0.043 0.067 -0.26
0.071 0.048 -0.084 -0.083 0.054 -0.348
0.133 0.028 -0.085 -0.056 0.052 -0.276
0.301 -0.276 0.0 -0.02 0.057 -0.265
0.441 -0.366 0.019 -0.041 0.025 -0.168
0.006 -0.167 -0.079 -0.016 -0.028 -0.146
0.078 -0.038 0.063 0.01 -0.014 -0.028
0.131 -0.111 -0.067 0.002 -0.014 0.019
0.129 -0.061 -0.047 -0.008 -0.006 0.009
0.161 -0.04 -0.022 -0.017 0.002 0.015
0.136 -0.063 -0.006 -0.01 0.005 0.012
0.123 -0.061 -0.012 -0.014 -0.005 0.011
0.121 -0.081 -0.006 -0.013 -0.009 0.021
0.126 -0.08 -0.015 -0.011 -0.016 0.028
0.117 -0.064 -0.015 -0.013 -0.015 0.044
0.119 -0.054 -0.033 -0.018 -0.019 0.06
0.12 -0.044 -0.036 -0.02 -0.022 0.076
0.12 -0.03 -0.025 -0.02 -0.018 0.083
0.133 -0.035 -0.007 -0.014 -0.012 0.086
0.119 -0.041 -0.013 -0.017 -0.013 0.086
0.112 -0.062 0.005 -0.008 -0.015 0.082
0.103 -0.078 0.003 -0.003 -0.019 0.094
0.09 -0.075 -0.007 0.0 -0.028 0.108
0.086 -0.088 -0.019 0.004 -0.031 0.131
0.077 -0.11 -0.038 0.006 -0.032 0.144
0.072 -0.141 -0.065 0.007 -0.035 0.154
0.063 -0.184 -0.046 0.009 -0.031 0.157
0.088 -0.218 -0.068 0.017 -0.028 0.154
0.091 -0.311 -0.069 0.018 -0.04 0.181
0.117 -0.195 0.079 0.038 -0.027 0.089
0.23 -0.074 -0.012 0.04 -0.023 0.083
0.263 -0.096 -0.001 0.078 -0.024 0.056
0.308 -0.057 -0.009 0.16 -0.013 0.065
0.279 -0.239 -0.027 0.199 -0.003 0.103
0.281 -0.075 -0.06 0.14 -0.017 0.06
0.293 0.062 -0.037 0.115 -0.025 0.031
0.121 0.149 -0.035 0.083 0.004 0.042
0.303 0.356 0.008 0.015 0.055 0.212
0.189 -0.287 -0.042 -0.059 -0.011 0.3
0.121 -0.036 -0.022 -0.016 -0.016 0.041
0.112 -0.05 -0.018 -0.01 -0.018 0.052
0.111 -0.071 -0.018 -0.012 -0.016 0.063
0.1 -0.091 -0.027 -0.003 -0.019 0.075
0.091 -0.107 -0.011 0.002 -0.029 0.1
0.074 -0.123 -0.032 0.016 -0.036 0.128
0.057 -0.108 -0.021 0.016 -0.044 0.15
0.075 -0.108 -0.04 0.016 -0.031 0.156
0.073 -0.119 -0.04 0.021 -0.035 0.151
0.072 -0.15 -0.028 0.035 -0.035 0.142
0.098 -0.2 -0.031 0.032 -0.041 0.132
0.159 -0.219 -0.034 0.032 -0.027 0.12
0.15 -0.296 -0.076 0.043 -0.036 0.152
0.169 -0.096 -0.004 0.045 -0.031 0.059
0.27 -0.087 -0.078 0.117 -0.018 0.094
0.329 -0.303 -0.033 0.178 -0.009 0.157
0.245 -0.118 -0.016 0.221 -0.012 0.032
0.328 0.107 -0.018 0.134 -0.023 0.006
0.238 0.237 -0.073 0.185 -0.012 -0.022
-0.179 0.378 -0.132 0.187 0.063 -0.013
0.183 -0.336 0.067 -0.111 0.046 0.363
0.251 -0.07 -0.108 -0.086 -0.017 0.184
0.223 0.44 -0.161 -0.032 -0.03 0.119
-0.009 0.122 -0.002 -0.003 -0.021 0.163
0.049 0.069 0.013 -0.017 -0.017 0.079
0.106 0.036 0.016 -0.045 -0.009 0.061
0.118 -0.023 -0.066 0.003 -0.016 0.027
0.071 0.052 -0.03 0.018 -0.023 -0.017
0.064 0.035 -0.001 -0.005 -0.022 -0.034
0.077 0.019 -0.007 -0.037 -0.018 -0.064
0.094 0.066 0.013 -0.069 -0.001 -0.108
0.148 0.049 -0.018 -0.088 0.021 -0.114
0.16 0.006 -0.002 -0.101 0.038 -0.119
0.166 -0.026 -0.009 -0.093 0.052 -0.131
0.217 -0.003 0.045 -0.101 0.049 -0.126
0.156 -0.398 -0.143 -0.107 0.044 0.023
0.151 0.033 0.074 -0.037 0.043 -0.284
0.153 0.19 -0.055 0.014 0.065 -0.159
0.282 -0.432 0.102 0.035 0.102 0.022
0.15 -0.032 -0.14 -0.063 0.027 -0.252
0.241 -0.105 -0.126 -0.015 0.044 -0.101
0.128 -0.145 0.017 -0.004 0.027 -0.169
0.13 -0.153 0.034 -0.011 0.021 -0.199
0.13 -0.097 -0.05 -0.012 0.002 -0.215
0.125 -0.11 -0.03 -0.033 0.031 -0.182
0.1 -0.217 0.009 -0.046 0.035 -0.156
0.086 -0.155 -0.095 -0.03 0.018 -0.147
0.059 -0.136 -0.019 -0.028 0.016 -0.115
0.091 -0.14 -0.041 -0.035 0.015 -0.097
0.083 -0.141 -0.027 -0.021 0.011 -0.068
0.11 -0.113 -0.025 -0.009 0.016 -0.053
0.111 -0.106 -0.001 -0.005 0.017 -0.04
0.139 -0.078 -0.002 -0.007 0.019 -0.025
0.143 -0.081 -0.018 -0.013 -0.005 -0.011
0.125 -0.072 -0.008 -0.001 -0.001 -0.004
0.118 -0.077 0.007 0.001 -0.012 -0.003
0.121 -0.074 -0.014 0.003 -0.014 -0.002
0.123 -0.054 -0.031 0.002 -0.02 0.007
0.123 -0.029 -0.027 0.001 -0.018 0.019
0.119 -0.026 -0.019 -0.004 -0.013 0.025
0.122 -0.019 -0.032 -0.004 -0.006 0.028
0.127 -0.024 -0.017 -0.008 -0.008 0.028
0.119 -0.023 -0.005 -0.01 -0.011 0.029
0.125 -0.024 -0.009 -0.012 -0.013 0.035
0.119 -0.039 -0.006 -0.014 -0.016 0.048
0.114 -0.059 -0.014 -0.009 -0.02 0.059
0.111 -0.06 -0.026 -0.012 -0.021 0.064
0.107 -0.066 -0.03 -0.004 -0.022 0.076
0.104 -0.086 -0.023 -0.0 -0.026 0.099
0.076 -0.093 -0.041 -0.005 -0.031 0.123
0.056 -0.115 -0.024 0.008 -0.033 0.142
0.054 -0.135 -0.03 -0.0 -0.033 0.158
0.065 -0.153 -0.05 0.013 -0.028 0.161
0.06 -0.192 -0.037 0.035 -0.025 0.148
0.055 -0.234 -0.028 0.032 -0.033 0.136
0.128 -0.307 -0.016 0.026 -0.037 0.15
0.157 -0.433 0.006 0.021 -0.029 0.144
0.227 -0.086 -0.039 0.044 -0.033 0.07
0.288 -0.122 -0.069 0.115 -0.013 0.08
0.353 -0.146 -0.07 0.195 -0.001 0.09
0.243 -0.202 -0.01 0.228 -0.003 0.042
0.381 -0.075 -0.036 0.155 -0.023 0.046
0.257 0.189 -0.056 0.128 -0.024 -0.073
-0.162 0.198 -0.129 0.14 0.026 -0.015
0.283 -0.136 -0.006 -0.062 0.05 0.355
0.22 -0.261 -0.137 -0.041 -0.026 0.229
0.097 0.234 -0.087 0.061 -0.046 0.113
0.115 0.291 -0.009 0.103 -0.018 0.114
0.037 0.079 -0.004 0.038 -0.02 0.086
0.056 0.055 -0.022 -0.011 -0.008 0.064
0.101 0.06 -0.038 -0.013 -0.026 0.041
0.094 0.07 -0.012 -0.005 -0.025 -0.005
0.067 0.037 0.014 -0.036 -0.023 -0.013
0.086 -0.001 0.007 -0.069 -0.012 -0.049
0.105 0.048 0.003 -0.088 0.002 -0.092
0.126 0.057 0.002 -0.101 0.017 -0.109
0.136 0.005 -0.005 -0.111 0.027 -0.104
0.164 -0.028 -0.01 -0.095 0.036 -0.129
0.176 -0.049 -0.036 -0.09 0.036 -0.139
0.27 -0.136 -0.09 -0.072 0.006 0.033
0.21 -0.484 0.063 -0.074 0.043 -0.08
0.085 0.322 -0.016 -0.042 -0.005 -0.205
0.212 -0.073 0.014 0.024 0.058 -0.065
0.202 -0.377 -0.007 -0.009 0.05 -0.078
0.112 0.074 0.035 -0.046 0.06 -0.187
0.156 -0.259 0.006 -0.049 0.066 -0.074
0.105 0.05 -0.1 -0.034 0.041 -0.175
0.121 -0.169 -0.075 -0.009 0.049 -0.105
0.064 -0.045 -0.013 -0.009 0.029 -0.219
0.076 -0.164 -0.107 -0.035 0.011 -0.218
0.134 -0.02 -0.038 -0.029 0.034 -0.271
0.259 -0.212 0.04 -0.061 0.039 -0.121
0.054 -0.246 -0.118 -0.038 0.016 -0.132
0.041 -0.196 0.059 -0.014 0.026 -0.118
0.091 -0.159 -0.052 -0.022 0.005 -0.088
0.111 -0.143 0.019 -0.014 0.0 -0.059
0.111 -0.142 -0.01 -0.009 -0.019 -0.041
0.118 -0.099 -0.023 -0.006 -0.006 -0.036
0.127 -0.093 -0.032 -0.009 -0.004 -0.033
0.128 -0.082 -0.052 -0.006 -0.002 -0.032
0.117 -0.058 -0.027 -0.006 -0.002 -0.021
0.118 -0.062 -0.005 0.002 -0.009 -0.004
0.13 -0.061 -0.004 0.005 -0.015 0.005
0.122 -0.031 -0.005 -0.0 -0.017 0.016
0.127 -0.025 -0.005 -0.001 -0.021 0.026
0.123 -0.012 -0.008 -0.002 -0.016 0.038
0.135 -0.011 -0.026 -0.003 -0.02 0.035
0.126 -0.01 -0.003 0.001 -0.02 0.033
0.123 -0.006 -0.005 -0.006 -0.015 0.023
0.124 -0.005 -0.006 -0.014 -0.018 0.015
0.127 -0.018 -0.008 -0.006 -0.01 0.02
0.125 -0.026 -0.011 -0.004 -0.008 0.024
0.114 -0.019 -0.033 -0.003 -0.013 0.03
0.113 -0.035 -0.022 0.0 -0.012 0.047
0.104 -0.089 -0.017 0.008 -0.018 0.077
0.086 -0.12 -0.029 0.014 -0.025 0.112
0.068 -0.115 -0.026 0.017 -0.032 0.138
0.062 -0.095 -0.026 0.01 -0.029 0.152
0.072 -0.119 -0.068 0.019 -0.033 0.164
0.067 -0.149 -0.05 0.02 -0.023 0.163
0.062 -0.182 -0.037 0.023 -0.026 0.148
0.086 -0.234 -0.022 0.025 -0.017 0.145
0.072 -0.311 -0.062 0.026 -0.026 0.156
0.125 -0.414 0.076 0.042 -0.008 0.113
0.231 -0.097 -0.077 0.066 -0.005 0.042
0.354 -0.113 -0.029 0.142 0.015 0.058
0.346 -0.102 -0.035 0.205 0.014 0.036
0.264 -0.132 -0.016 0.216 0.024 0.031
0.407 -0.026 -0.088 0.066 -0.001 0.059
0.223 0.153 -0.075 0.068 -0.009 0.012
