0.122 -0.014 0.015 0.002 -0.002 -0.004
0.123 -0.015 0.021 0.005 0.001 -0.005
0.123 -0.013 0.019 0.004 -0.002 -0.005
0.125 -0.013 0.019 0.002 -0.002 -0.005
0.125 -0.014 0.021 0.001 0.002 -0.005
0.122 -0.009 0.02 0.003 -0.003 -0.005
0.124 -0.009 0.021 0.002 -0.0 -0.005
0.124 -0.01 0.019 0.003 -0.001 -0.005
0.124 -0.008 0.017 0.002 -0.002 -0.005
0.123 -0.007 0.018 -0.0 -0.0 -0.002
0.124 -0.008 0.019 0.0 -0.001 -0.002
0.125 -0.012 0.018 -0.001 0.001 -0.002
0.125 -0.006 0.019 -0.001 -0.003 -0.0
0.124 -0.005 0.02 -0.001 -0.003 0.003
0.123 -0.01 0.019 -0.002 -0.003 0.003
0.122 -0.015 0.018 -0.003 -0.004 0.0
0.124 -0.014 0.022 -0.002 -0.002 -0.001
0.124 -0.01 0.021 -0.003 -0.002 0.001
0.125 -0.013 0.016 0.0 -0.001 -0.0
0.125 -0.014 0.019 -0.003 0.0 -0.0
0.125 -0.011 0.019 -0.0 0.0 0.001
0.124 -0.011 0.018 0.003 -0.002 -0.0
0.124 -0.011 0.021 0.001 -0.003 -0.001
0.123 -0.012 0.02 0.003 -0.002 -0.001
0.124 -0.011 0.021 0.001 0.0 -0.001
0.124 -0.01 0.022 -0.001 -0.002 -0.001
0.126 -0.009 0.016 0.001 -0.001 -0.003
0.125 -0.01 0.017 -0.0 -0.001 -0.004
0.125 -0.009 0.02 0.001 -0.002 -0.005
0.123 -0.006 0.021 -0.001 0.0 -0.002
0.123 -0.005 0.022 0.002 -0.001 0.0
0.124 -0.012 0.019 0.001 -0.003 0.001
0.123 -0.007 0.02 0.001 -0.002 0.0
0.124 -0.009 0.018 0.001 -0.002 0.002
0.123 -0.011 0.018 0.005 -0.003 0.002
0.126 -0.01 0.022 0.004 -0.0 -0.002
0.122 -0.009 0.018 0.003 -0.001 -0.002
0.124 -0.007 0.018 0.0 -0.001 -0.002
0.124 -0.006 0.018 -0.0 -0.003 -0.001
0.125 -0.009 0.018 -0.002 -0.003 0.002
0.124 -0.011 0.019 -0.0 -0.002 0.001
0.125 -0.006 0.018 -0.0 -0.002 0.002
0.125 -0.007 0.019 -0.0 -0.004 0.004
0.123 -0.008 0.018 0.0 -0.001 0.005
0.122 -0.009 0.019 -0.001 -0.002 0.002
0.123 -0.008 0.019 -0.003 -0.001 0.004
0.121 -0.008 0.024 -0.007 -0.001 0.004
0.123 -0.005 0.021 -0.003 -0.003 0.006
0.123 -0.014 0.015 -0.002 -0.001 0.009
0.123 -0.016 0.015 -0.001 -0.002 0.003
0.124 -0.013 0.015 0.001 0.003 0.0
0.126 -0.019 0.015 0.001 0.001 -0.0
0.125 -0.016 0.015 0.004 0.002 -0.005
0.124 -0.011 0.018 0.003 0.003 -0.005
0.125 -0.007 0.019 0.002 0.005 -0.007
0.124 -0.009 0.02 0.001 0.006 -0.006
0.123 -0.006 0.02 -0.001 0.005 -0.005
0.124 -0.002 0.023 -0.001 0.005 -0.002
0.124 -0.003 0.025 -0.003 0.002 0.003
0.123 -0.009 0.028 -0.007 0.001 0.003
0.123 -0.007 0.027 -0.011 -0.001 -0.001
0.123 -0.007 0.023 -0.01 -0.004 0.003
0.124 -0.012 0.025 -0.009 -0.004 0.005
0.122 -0.014 0.021 -0.01 -0.005 0.003
0.125 -0.014 0.017 -0.009 -0.003 -0.001
0.124 -0.012 0.021 -0.008 -0.004 -0.001
0.123 -0.013 0.02 -0.008 -0.004 -0.002
0.123 -0.012 0.023 -0.005 -0.003 -0.003
0.124 -0.017 0.02 -0.005 -0.008 -0.004
0.123 -0.01 0.019 -0.004 -0.007 -0.006
0.125 -0.008 0.019 -0.004 -0.005 -0.004
0.124 -0.009 0.022 -0.006 -0.007 -0.005
0.124 -0.007 0.02 -0.005 -0.005 -0.003
0.124 -0.008 0.02 -0.009 -0.006 -0.004
0.123 -0.01 0.016 -0.009 -0.005 -0.004
0.126 -0.011 0.017 -0.008 -0.009 -0.006
0.123 -0.011 0.019 -0.005 -0.007 -0.005
0.124 -0.008 0.018 -0.004 -0.008 -0.004
0.125 -0.009 0.019 -0.005 -0.01 -0.006
0.123 -0.002 0.017 -0.007 -0.01 -0.002
0.124 -0.005 0.016 -0.007 -0.014 -0.003
0.124 -0.006 0.018 -0.008 -0.012 -0.002
0.123 -0.006 0.016 -0.008 -0.013 -0.003
0.121 -0.011 0.023 -0.006 -0.013 -0.002
0.122 -0.012 0.02 -0.007 -0.016 -0.003
0.123 -0.009 0.018 -0.007 -0.015 -0.004
0.124 -0.007 0.013 -0.007 -0.019 -0.004
0.124 0.0 0.019 -0.007 -0.02 -0.001
0.124 -0.002 0.012 -0.007 -0.02 0.004
0.125 -0.006 0.008 -0.009 -0.02 0.006
0.125 -0.004 0.007 -0.009 -0.019 0.01
0.126 -0.006 0.006 -0.013 -0.02 0.009
0.127 -0.008 0.006 -0.01 -0.02 0.011
0.123 -0.009 0.007 -0.01 -0.02 0.01
0.125 -0.009 0.008 -0.008 -0.021 0.009
0.125 -0.007 0.001 -0.017 -0.021 0.011
0.124 -0.011 0.001 -0.014 -0.021 0.01
0.125 -0.01 0.002 -0.014 -0.021 0.01
0.125 -0.011 -0.0 -0.012 -0.02 0.01
0.125 -0.017 0.002 -0.01 -0.019 0.012
0.128 -0.013 -0.001 -0.021 -0.017 0.011
0.125 -0.014 -0.0 -0.017 -0.015 0.006
0.124 -0.011 -0.001 -0.012 -0.014 0.007
0.125 -0.013 -0.0 -0.009 -0.014 0.009
0.124 -0.016 -0.002 -0.011 -0.016 0.01
0.125 -0.016 -0.007 -0.008 -0.012 0.006
0.125 -0.016 -0.007 -0.002 -0.012 0.008
0.122 -0.017 -0.006 -0.002 -0.008 0.005
0.125 -0.008 -0.007 -0.003 -0.01 0.007
0.126 -0.012 -0.006 -0.0 -0.011 0.008
0.125 -0.014 -0.004 0.001 -0.007 0.009
0.124 -0.013 -0.008 -0.001 -0.006 0.014
0.126 -0.019 -0.009 -0.005 -0.005 0.014
0.121 -0.022 -0.009 -0.005 -0.003 0.011
0.124 -0.018 -0.012 -0.007 -0.001 0.013
0.125 -0.022 -0.008 -0.005 -0.004 0.009
0.123 -0.027 -0.002 -0.003 0.001 0.007
0.124 -0.028 -0.004 -0.002 -0.0 0.004
0.123 -0.024 -0.004 -0.003 -0.001 -0.002
0.125 -0.022 -0.003 -0.001 -0.0 -0.003
0.125 -0.018 -0.008 -0.0 0.0 -0.007
0.123 -0.014 -0.006 -0.001 -0.0 -0.001
0.126 -0.016 -0.004 -0.001 -0.002 -0.0
0.125 -0.018 -0.002 0.001 0.003 -0.001
0.126 -0.021 -0.003 -0.0 0.002 0.0
0.124 -0.016 -0.006 0.003 0.002 -0.001
0.125 -0.016 -0.004 0.002 0.0 0.002
0.124 -0.022 -0.003 0.002 0.003 -0.0
0.125 -0.025 -0.003 0.0 0.002 -0.002
0.126 -0.019 -0.003 0.0 0.003 -0.005
0.123 -0.019 -0.0 -0.0 0.004 -0.006
0.123 -0.019 -0.002 0.0 0.003 -0.008
0.125 -0.018 -0.005 0.0 0.001 -0.006
0.123 -0.016 -0.003 -0.0 0.004 -0.008
0.123 -0.014 -0.0 0.001 0.003 -0.004
0.125 -0.019 0.001 0.001 -0.0 -0.002
0.124 -0.024 -0.004 0.001 0.002 -0.008
0.125 -0.017 -0.002 0.003 0.001 -0.009
0.122 -0.015 0.005 0.002 -0.001 -0.008
0.124 -0.024 -0.0 -0.001 -0.001 -0.01
0.124 -0.021 -0.005 -0.002 0.0 -0.015
0.123 -0.015 -0.0 -0.0 -0.003 -0.016
0.125 -0.013 0.004 -0.001 -0.0 -0.016
0.125 -0.007 0.0 -0.003 -0.001 -0.014
0.126 -0.009 -0.005 -0.001 -0.0 -0.012
0.125 -0.009 -0.003 -0.0 -0.002 -0.01
0.125 -0.008 0.002 0.001 -0.003 -0.007
0.126 -0.008 0.0 0.0 -0.002 -0.008
0.124 -0.01 -0.003 0.001 -0.002 -0.005
0.125 -0.008 -0.002 0.0 -0.004 -0.006
0.125 -0.004 -0.009 -0.0 -0.004 -0.001
0.125 -0.005 -0.008 -0.001 -0.002 0.001
0.126 -0.005 -0.009 0.001 -0.002 0.001
0.125 -0.003 -0.009 0.001 -0.004 0.001
0.125 -0.003 -0.008 0.0 -0.005 0.0
0.125 -0.004 -0.009 -0.001 -0.0 -0.001
0.124 -0.007 -0.009 -0.002 -0.002 -0.001
0.124 -0.004 -0.007 0.0 -0.001 -0.001
0.125 -0.004 -0.008 -0.001 -0.0 0.0
0.124 -0.005 -0.009 -0.001 -0.002 -0.0
0.125 -0.005 -0.008 0.0 -0.002 -0.003
0.125 -0.004 -0.007 0.0 0.001 -0.001
0.122 -0.003 -0.008 -0.002 -0.002 -0.001
0.124 -0.003 -0.011 -0.001 -0.002 -0.002
0.123 -0.003 -0.008 -0.0 -0.001 0.0
0.126 -0.003 -0.009 -0.001 0.001 -0.001
0.124 -0.003 -0.008 -0.001 -0.002 -0.001
0.126 -0.004 -0.009 -0.003 -0.001 0.0
0.124 -0.004 -0.008 -0.003 -0.0 0.0
0.125 -0.003 -0.009 -0.001 -0.0 0.001
0.124 -0.005 -0.009 0.002 -0.001 0.0
0.125 -0.005 -0.009 -0.001 0.001 0.001
0.125 -0.004 -0.008 0.0 -0.001 0.002
0.124 -0.004 -0.007 0.0 -0.001 0.0
0.125 -0.003 -0.007 0.001 0.003 -0.001
0.124 -0.004 -0.008 0.001 -0.0 -0.001
0.125 -0.004 -0.008 -0.001 0.001 -0.002
0.124 -0.003 -0.008 0.0 -0.002 -0.004
0.125 -0.002 -0.009 -0.001 -0.0 0.0
0.126 -0.004 -0.01 0.0 -0.001 -0.004
0.125 -0.003 -0.01 0.001 0.001 -0.005
0.126 -0.004 -0.007 0.0 -0.002 -0.003
0.126 -0.003 -0.008 -0.0 -0.0 -0.001
0.126 -0.002 -0.008 -0.001 0.002 -0.003
0.126 -0.004 -0.009 -0.003 0.001 -0.002
0.123 -0.001 -0.008 -0.002 0.002 -0.001
0.123 -0.001 -0.008 -0.002 0.0 -0.002
0.125 -0.002 -0.006 -0.001 0.001 -0.002
0.126 -0.002 -0.007 -0.002 0.0 -0.001
0.126 -0.0 -0.009 -0.004 0.001 0.001
0.126 -0.002 -0.01 -0.004 0.001 0.004
0.126 -0.003 -0.008 -0.003 0.002 0.004
0.124 -0.001 -0.009 -0.003 0.002 0.003
0.127 -0.001 -0.008 -0.006 0.004 0.003
0.125 -0.003 -0.01 -0.004 0.005 0.004
0.123 -0.003 -0.007 -0.004 0.006 0.007
0.125 0.0 -0.008 -0.007 0.005 0.006
0.124 0.002 -0.01 -0.007 0.006 0.009
0.126 -0.001 -0.007 -0.005 0.007 0.011
0.126 -0.003 -0.006 -0.003 0.01 0.013
0.122 -0.005 -0.002 -0.006 0.01 0.014
0.124 -0.006 0.002 -0.005 0.01 0.014
0.127 -0.011 -0.004 -0.004 0.011 0.014
0.127 -0.008 -0.013 -0.001 0.013 0.013
0.124 -0.008 -0.017 0.002 0.016 0.012
0.125 -0.013 -0.01 0.003 0.02 0.007
0.127 -0.004 -0.002 0.008 0.023 -0.002
0.129 0.023 0.014 0.014 0.027 -0.011
0.132 0.021 0.008 0.016 0.027 -0.02
0.131 0.019 0.019 0.022 0.03 -0.022
0.129 0.021 0.015 0.021 0.032 -0.029
0.129 0.017 0.015 0.023 0.033 -0.035
0.124 0.018 0.005 0.018 0.03 -0.038
0.118 0.009 0.005 0.004 0.03 -0.039
0.12 -0.022 -0.0 0.02 0.03 -0.033
0.135 -0.041 -0.017 0.022 0.026 -0.033
0.122 -0.034 -0.01 0.023 0.018 -0.031
0.106 -0.041 0.005 0.015 0.023 -0.014
0.111 -0.046 0.015 -0.003 0.021 0.006
0.118 -0.005 0.037 -0.019 0.022 -0.005
0.123 -0.004 0.033 -0.02 0.02 0.017
0.123 -0.011 0.05 -0.018 0.023 0.022
0.13 -0.009 0.053 -0.019 0.015 0.025
0.125 -0.017 0.01 -0.018 0.009 0.021
0.124 -0.012 0.022 -0.009 0.012 0.017
0.123 0.001 0.03 -0.014 0.008 0.026
0.124 0.019 0.013 -0.021 0.001 0.034
0.13 0.021 -0.001 -0.007 0.005 0.034
0.125 0.015 0.031 -0.002 0.009 0.016
0.122 0.041 0.034 0.006 0.011 -0.004
0.135 -0.012 0.018 0.007 0.01 0.02
0.12 -0.012 0.02 -0.004 0.009 0.006
0.122 0.013 0.02 -0.004 0.007 0.011
0.12 -0.009 0.044 -0.002 0.008 0.02
0.121 -0.029 0.031 -0.013 0.003 0.01
0.125 -0.002 0.021 -0.019 0.0 0.002
0.127 0.009 0.021 -0.01 0.001 0.013
0.124 0.003 0.02 -0.004 0.003 0.02
0.122 -0.033 0.035 0.001 -0.0 0.021
0.121 -0.014 0.035 -0.001 -0.004 0.006
0.123 -0.001 0.036 0.0 -0.008 0.009
0.122 -0.017 0.036 0.008 -0.009 0.013
0.12 -0.021 0.031 0.008 -0.011 0.007
0.122 -0.026 0.029 0.007 -0.01 0.002
0.124 -0.007 0.022 0.01 -0.012 -0.002
0.129 -0.03 0.002 0.025 -0.008 -0.006
0.148 0.044 -0.013 0.066 0.011 0.045
0.096 -0.057 0.04 0.037 -0.002 0.037
0.111 -0.022 0.015 0.003 -0.009 0.012
0.113 -0.009 0.007 -0.008 -0.001 0.0
0.148 -0.056 0.016 0.005 0.005 0.005
0.124 0.054 0.054 0.009 -0.006 -0.01
0.105 -0.057 0.036 -0.017 0.001 -0.026
0.12 0.025 -0.029 -0.012 -0.007 -0.001
0.052 0.003 0.09 -0.011 0.004 -0.014
0.128 -0.023 0.004 -0.01 0.001 -0.002
0.125 -0.008 0.029 0.016 -0.016 -0.05
0.124 -0.022 0.027 0.074 0.008 -0.03
0.111 0.051 0.014 0.058 0.002 -0.049
0.107 0.0 0.032 0.018 0.005 0.002
0.143 0.026 0.003 -0.011 0.03 -0.027
0.11 0.01 0.022 0.032 0.004 -0.031
0.124 -0.019 0.023 0.049 0.013 -0.027
0.116 -0.035 0.022 -0.004 0.003 -0.012
0.132 -0.007 0.014 0.002 0.004 -0.016
0.15 -0.034 0.022 -0.0 -0.028 -0.168
0.131 -0.004 0.019 -0.016 -0.003 -0.041
0.134 -0.007 0.023 0.023 0.005 -0.047
0.112 -0.008 0.032 0.003 0.004 0.0
0.138 -0.026 0.021 -0.001 0.01 0.013
0.119 -0.009 0.019 -0.002 -0.01 -0.002
0.131 0.033 0.053 0.003 -0.015 0.041
0.176 -0.002 -0.008 -0.004 -0.001 -0.005
0.12 0.016 0.011 0.002 0.004 -0.008
0.133 -0.029 0.025 0.005 -0.006 -0.002
0.13 -0.073 0.069 0.015 -0.071 -0.213
0.12 -0.011 0.032 0.0 -0.005 0.002
0.128 -0.01 0.021 -0.002 -0.004 0.021
0.127 -0.003 0.025 -0.004 -0.003 0.004
0.12 -0.007 0.025 -0.002 -0.004 0.01
0.122 -0.017 0.026 -0.0 -0.002 0.004
0.122 -0.012 0.029 -0.003 -0.003 -0.001
0.12 -0.012 0.027 -0.002 -0.006 -0.0
0.12 -0.008 0.027 -0.002 -0.0 0.002
0.119 -0.015 0.025 -0.0 0.001 0.002
0.123 -0.02 0.022 -0.004 0.004 0.003
0.123 -0.013 0.019 -0.002 -0.0 0.001
0.124 -0.016 0.03 -0.003 -0.001 0.001
0.125 -0.008 0.025 -0.003 0.0 0.003
0.12 -0.011 0.027 -0.003 -0.0 0.002
0.124 -0.013 0.025 0.0 0.002 0.0
0.123 -0.011 0.025 -0.001 0.002 -0.0
0.12 -0.013 0.026 -0.002 -0.002 -0.001
0.121 -0.012 0.027 -0.001 -0.003 0.002
0.119 -0.011 0.023 -0.002 -0.002 0.0
0.118 -0.006 0.025 -0.005 -0.004 -0.002
0.118 -0.008 0.024 -0.001 -0.005 0.014
0.121 -0.011 0.021 -0.004 -0.004 0.006
0.143 -0.001 0.015 -0.007 -0.006 0.001
0.123 -0.014 0.02 -0.008 0.0 -0.021
0.103 0.126 -0.075 -0.012 -0.005 -0.006
0.063 0.012 -0.0 -0.023 -0.007 0.048
0.146 -0.054 -0.001 -0.015 0.002 0.007
0.096 -0.018 0.009 -0.004 -0.001 0.011
0.092 0.015 0.003 -0.008 -0.001 -0.01
0.136 -0.04 0.031 -0.014 0.001 0.004
0.128 -0.018 0.025 -0.015 -0.004 0.0
0.093 -0.023 0.039 0.012 -0.019 -0.062
0.12 -0.014 0.015 -0.065 -0.014 -0.059
0.107 -0.018 0.004 0.001 -0.004 -0.076
0.113 -0.021 0.036 0.016 -0.0 -0.065
0.146 0.029 0.029 0.018 -0.003 -0.041
0.127 -0.01 0.025 0.003 -0.002 -0.023
0.127 0.008 0.026 0.002 -0.006 -0.021
0.124 0.016 0.027 0.003 -0.005 -0.011
0.121 -0.003 0.031 0.003 -0.009 -0.005
0.127 0.004 0.035 0.003 -0.01 -0.008
0.122 -0.003 0.022 0.002 -0.01 -0.009
0.122 -0.001 0.021 0.003 -0.012 -0.009
0.127 -0.001 0.02 -0.0 -0.012 -0.008
0.123 0.001 0.02 -0.001 -0.016 -0.007
0.126 0.005 0.019 0.002 -0.015 -0.007
0.123 0.01 0.022 -0.001 -0.012 -0.006
0.124 0.004 0.021 -0.001 -0.013 -0.001
0.123 0.005 0.021 -0.005 -0.014 0.001
0.123 0.01 0.023 -0.006 -0.013 0.004
0.124 0.013 0.022 -0.012 -0.015 0.008
0.124 0.008 0.016 -0.018 -0.018 0.013
0.123 0.007 0.02 -0.023 -0.016 0.016
0.123 0.009 0.014 -0.024 -0.019 0.023
0.124 0.012 0.016 -0.028 -0.021 0.029
0.124 -0.002 0.014 -0.034 -0.021 0.029
0.122 0.006 0.013 -0.038 -0.024 0.032
0.122 0.001 0.016 -0.04 -0.024 0.035
0.123 -0.007 0.012 -0.037 -0.027 0.037
0.122 -0.008 0.009 -0.038 -0.024 0.037
0.125 -0.004 0.002 -0.039 -0.023 0.042
0.123 -0.006 -0.003 -0.042 -0.02 0.048
0.123 -0.022 0.002 -0.041 -0.017 0.05
0.121 -0.027 -0.005 -0.048 -0.016 0.046
0.126 -0.026 -0.005 -0.037 -0.016 0.04
0.122 -0.036 0.003 -0.033 -0.012 0.041
0.122 -0.033 0.008 -0.027 -0.01 0.035
0.121 -0.04 -0.001 -0.017 -0.007 0.026
0.126 -0.031 -0.002 -0.007 -0.005 0.024
0.119 -0.034 0.01 0.0 -0.004 0.024
0.123 -0.033 -0.003 -0.005 -0.007 0.018
0.123 -0.036 -0.001 -0.004 -0.005 0.016
0.121 -0.033 -0.001 0.002 -0.005 0.013
0.122 -0.027 0.005 0.003 -0.004 0.013
0.123 -0.026 0.003 -0.001 -0.004 0.015
0.123 -0.03 -0.002 -0.0 -0.004 0.017
0.12 -0.032 0.001 0.001 -0.007 0.017
0.122 -0.032 0.006 -0.0 -0.004 0.015
0.122 -0.027 -0.002 -0.0 -0.007 0.016
0.121 -0.024 -0.003 0.0 -0.006 0.02
0.121 -0.031 -0.001 0.001 -0.003 0.025
0.12 -0.033 -0.007 0.004 -0.003 0.029
0.121 -0.034 -0.008 0.003 -0.001 0.028
0.121 -0.041 -0.006 0.002 0.002 0.028
0.121 -0.046 -0.007 0.005 0.006 0.026
0.121 -0.044 -0.01 0.006 0.012 0.027
0.121 -0.046 -0.006 0.008 0.014 0.023
0.125 -0.047 -0.008 0.008 0.018 0.02
0.123 -0.037 -0.011 0.012 0.027 0.016
0.138 -0.05 -0.027 0.015 0.033 0.017
0.184 -0.011 -0.011 0.015 0.04 0.007
0.163 -0.009 0.001 0.014 0.027 0.02
0.178 0.017 0.015 0.015 0.018 0.042
0.166 0.001 0.019 0.009 0.012 0.06
0.161 -0.005 0.012 0.009 0.002 0.072
0.169 -0.018 -0.001 -0.024 -0.001 0.072
0.139 -0.038 0.01 -0.0 -0.01 0.079
0.119 -0.033 -0.015 0.027 -0.015 0.078
0.145 -0.026 -0.012 0.034 -0.024 0.064
0.124 -0.043 -0.001 0.04 -0.028 0.067
0.114 -0.053 0.009 0.043 -0.031 0.05
0.106 -0.042 -0.007 0.045 -0.037 0.03
0.095 -0.05 0.03 0.041 -0.027 0.005
0.075 -0.001 0.065 0.009 -0.019 -0.016
0.079 -0.044 0.022 -0.023 -0.025 -0.026
0.08 -0.025 0.022 -0.031 -0.022 -0.053
0.075 0.015 -0.007 -0.026 -0.03 -0.071
0.085 -0.023 -0.013 -0.021 -0.034 -0.064
0.09 -0.051 -0.021 -0.003 -0.039 -0.086
0.098 -0.031 -0.005 0.006 -0.039 -0.099
0.106 -0.049 0.01 0.0 -0.035 -0.102
0.109 -0.027 0.024 -0.009 -0.033 -0.107
0.114 -0.053 0.024 -0.013 -0.03 -0.101
0.112 -0.033 0.021 -0.016 -0.024 -0.104
0.126 -0.03 0.001 0.002 -0.02 -0.103
0.121 -0.044 0.013 0.012 -0.009 -0.087
0.12 -0.07 0.02 0.012 -0.005 -0.084
0.17 -0.076 0.013 -0.011 -0.01 -0.087
0.135 -0.009 0.042 -0.004 0.01 -0.088
0.13 0.001 0.007 -0.01 0.006 -0.072
0.114 -0.06 0.022 0.004 0.007 -0.041
0.124 -0.07 0.014 0.001 0.005 -0.058
0.114 -0.035 0.008 0.0 0.0 -0.052
0.117 -0.035 0.011 -0.003 -0.003 -0.046
0.109 -0.019 -0.016 -0.005 -0.003 -0.037
0.118 -0.027 0.003 -0.003 -0.001 -0.038
0.124 -0.02 0.006 0.011 0.003 -0.033
0.119 -0.022 0.012 0.015 0.003 -0.036
0.119 -0.018 0.033 0.018 0.003 -0.036
0.119 -0.012 0.005 0.009 -0.006 -0.034
0.116 -0.008 0.01 0.008 0.0 -0.03
0.11 -0.009 0.002 0.005 -0.009 -0.024
0.131 -0.021 -0.011 0.02 -0.01 -0.017
0.186 -0.002 0.003 0.007 -0.005 -0.033
0.166 0.012 -0.004 -0.022 -0.002 0.0
0.139 0.027 -0.036 -0.035 -0.012 0.019
0.125 0.001 -0.019 -0.028 -0.009 0.041
0.122 -0.036 -0.0 -0.033 0.0 0.041
0.12 -0.028 -0.007 -0.031 -0.003 0.016
0.131 0.002 -0.002 -0.026 0.001 0.008
0.13 0.006 -0.001 -0.018 0.005 0.005
0.127 0.003 0.009 -0.008 0.007 0.0
0.129 -0.018 0.008 -0.016 0.006 0.001
0.125 -0.034 0.004 -0.025 0.001 0.002
0.127 -0.018 -0.004 -0.026 -0.001 0.007
0.122 -0.019 -0.031 -0.032 -0.006 0.019
0.122 -0.017 -0.03 -0.046 -0.005 0.028
0.12 -0.021 -0.025 -0.039 -0.004 0.043
0.126 -0.014 -0.035 -0.044 -0.016 0.042
0.128 0.012 -0.005 -0.031 -0.009 0.048
0.123 -0.016 0.007 -0.024 -0.011 0.045
0.125 -0.024 0.005 -0.02 -0.011 0.037
0.124 -0.022 0.001 -0.015 -0.013 0.029
0.124 -0.018 -0.0 -0.015 -0.014 0.025
0.124 -0.01 -0.004 -0.012 -0.015 0.022
0.128 -0.01 -0.008 -0.005 -0.011 0.018
0.126 -0.009 -0.006 -0.003 -0.008 0.017
0.127 -0.007 0.001 -0.002 -0.008 0.018
0.125 -0.003 -0.005 -0.002 -0.006 0.021
0.122 -0.017 -0.013 -0.003 -0.011 0.029
0.121 -0.016 -0.024 -0.004 -0.014 0.038
0.12 -0.016 -0.025 -0.001 -0.01 0.043
0.123 -0.023 -0.016 0.001 -0.006 0.041
0.122 -0.013 -0.012 -0.007 -0.009 0.04
0.122 -0.015 0.003 -0.004 -0.011 0.044
0.121 -0.01 -0.004 -0.001 -0.012 0.046
0.12 -0.02 -0.01 0.001 -0.013 0.055
0.117 -0.043 -0.008 0.006 -0.013 0.054
0.122 -0.03 -0.011 0.005 -0.015 0.049
0.119 -0.021 -0.01 0.004 -0.018 0.051
0.121 -0.025 -0.011 0.003 -0.018 0.057
0.113 -0.025 -0.011 0.003 -0.021 0.056
0.114 -0.047 -0.012 0.004 -0.015 0.058
0.118 -0.057 -0.014 0.005 -0.021 0.056
