-0.012 -0.272 -0.017 0.046 -0.003 0.015
0.08 -0.077 -0.017 -0.021 -0.014 -0.027
0.114 -0.066 -0.014 -0.024 -0.011 0.017
0.118 -0.1 -0.035 -0.008 0.005 0.027
0.116 -0.107 -0.029 -0.018 -0.005 0.029
0.107 -0.076 -0.041 -0.025 -0.008 0.028
0.105 -0.091 -0.022 -0.025 -0.006 0.051
0.113 -0.133 0.0 -0.051 -0.006 0.026
0.13 0.019 -0.037 -0.042 -0.014 0.011
0.123 -0.038 0.006 -0.007 0.002 0.037
0.118 -0.049 0.012 -0.006 -0.003 0.027
0.12 -0.04 0.022 0.0 -0.007 0.023
0.12 -0.037 0.024 -0.004 -0.011 0.022
0.119 -0.042 0.015 -0.006 -0.016 0.023
0.122 -0.032 0.005 -0.006 -0.018 0.018
0.12 -0.034 -0.007 -0.009 -0.019 0.02
0.121 -0.034 -0.014 -0.011 -0.021 0.017
0.121 -0.03 -0.025 -0.015 -0.018 0.018
0.118 -0.031 -0.02 -0.016 -0.014 0.022
0.118 -0.037 -0.008 -0.013 -0.015 0.025
0.117 -0.034 -0.004 -0.013 -0.014 0.024
0.119 -0.038 -0.0 -0.012 -0.02 0.026
0.115 -0.04 -0.007 -0.011 -0.021 0.025
0.12 -0.036 -0.013 -0.01 -0.022 0.025
0.117 -0.034 -0.011 -0.009 -0.02 0.03
0.116 -0.04 -0.016 -0.008 -0.02 0.034
0.118 -0.044 -0.013 -0.005 -0.019 0.034
0.111 -0.051 -0.017 0.0 -0.018 0.035
0.118 -0.045 -0.013 0.002 -0.019 0.034
0.125 -0.052 -0.019 0.003 -0.018 0.035
0.148 -0.015 -0.029 -0.021 -0.026 0.049
0.102 -0.048 0.025 -0.006 -0.016 0.03
0.121 -0.065 -0.016 0.006 -0.007 0.032
0.138 -0.056 -0.014 -0.002 -0.011 0.031
0.137 -0.053 -0.024 0.003 -0.009 0.031
0.136 -0.054 -0.021 0.01 -0.005 0.032
0.135 -0.054 -0.012 0.014 -0.004 0.029
0.136 -0.039 -0.026 0.021 -0.004 0.032
0.137 -0.042 -0.03 0.032 -0.005 0.036
0.137 -0.042 -0.026 0.04 -0.007 0.039
0.139 -0.034 -0.027 0.045 -0.007 0.046
0.132 -0.03 -0.018 0.056 -0.009 0.056
0.14 -0.04 -0.016 0.061 -0.009 0.067
0.154 -0.038 -0.022 0.072 -0.007 0.064
0.138 -0.015 -0.016 0.083 -0.008 0.066
0.137 -0.032 -0.017 0.074 -0.012 0.082
0.152 -0.052 -0.014 0.04 -0.015 0.108
0.125 -0.054 0.008 0.018 -0.021 0.082
0.115 -0.005 0.008 0.019 -0.012 0.061
0.096 0.028 0.006 0.016 -0.007 0.05
0.087 0.02 0.012 -0.007 0.003 0.031
0.082 -0.003 0.003 -0.02 0.012 0.026
0.09 -0.042 -0.0 -0.041 0.017 0.002
0.112 0.0 0.007 -0.032 0.026 -0.023
0.146 0.006 -0.025 -0.015 0.021 -0.036
0.141 -0.039 -0.004 -0.025 0.012 -0.051
0.139 -0.008 -0.007 -0.015 0.016 -0.08
0.137 -0.019 -0.001 -0.014 0.006 -0.064
0.15 -0.043 -0.025 -0.014 0.001 -0.09
0.152 -0.024 -0.02 -0.032 0.002 -0.104
0.13 -0.034 -0.006 -0.02 0.003 -0.1
0.152 -0.075 -0.026 -0.019 0.001 -0.105
0.124 -0.042 0.015 -0.011 0.008 -0.108
0.117 -0.066 -0.014 -0.033 0.01 -0.113
0.113 -0.057 -0.025 -0.022 0.01 -0.118
0.115 -0.067 -0.024 -0.012 0.007 -0.12
0.112 -0.06 -0.007 0.0 0.009 -0.13
0.088 -0.022 0.005 0.027 0.017 -0.155
0.103 0.019 -0.013 0.023 0.006 -0.148
0.181 -0.117 0.003 -0.029 0.011 -0.127
0.13 -0.087 0.065 -0.023 0.025 -0.18
0.152 -0.004 0.053 0.017 0.044 -0.17
0.178 -0.047 0.044 0.013 0.039 -0.102
0.193 -0.096 -0.001 0.006 0.028 -0.066
0.139 -0.077 -0.025 0.01 0.001 -0.057
0.096 -0.041 -0.039 0.001 0.006 -0.057
0.095 -0.056 -0.006 0.005 0.003 -0.032
0.104 -0.075 -0.046 0.008 -0.001 -0.036
0.113 -0.074 -0.013 0.016 0.003 -0.04
0.124 -0.072 -0.041 0.006 -0.006 -0.035
0.124 -0.059 -0.023 -0.004 -0.004 -0.0
0.129 -0.069 -0.017 -0.013 -0.005 0.043
0.133 -0.07 -0.012 -0.034 -0.01 0.087
0.138 -0.093 -0.003 -0.052 -0.022 0.128
0.134 -0.136 0.009 -0.043 -0.033 0.169
0.084 -0.148 0.031 -0.017 -0.041 0.185
0.077 -0.107 -0.038 -0.013 -0.049 0.196
0.089 0.001 -0.029 -0.027 -0.04 0.143
0.12 -0.012 -0.011 -0.012 -0.033 0.17
0.106 -0.077 -0.002 -0.013 -0.035 0.169
0.102 -0.082 -0.026 -0.015 -0.035 0.14
0.107 -0.074 -0.028 -0.004 -0.027 0.135
0.142 -0.088 -0.026 0.0 -0.018 0.121
0.133 -0.069 -0.013 -0.004 -0.016 0.12
0.137 -0.067 -0.034 -0.002 -0.02 0.116
0.105 -0.078 -0.018 0.004 -0.023 0.117
0.089 -0.097 -0.011 0.003 -0.023 0.103
0.087 -0.107 -0.018 0.002 -0.023 0.094
0.104 -0.115 -0.013 0.002 -0.021 0.077
0.11 -0.128 -0.011 0.005 -0.021 0.058
0.132 -0.144 -0.008 0.004 -0.016 0.036
0.17 -0.142 -0.005 0.009 -0.014 0.013
0.178 -0.148 -0.033 0.038 -0.012 0.02
0.17 -0.194 -0.009 0.105 -0.024 0.024
0.191 -0.314 0.008 0.182 -0.035 0.043
0.16 -0.102 0.001 0.173 -0.02 -0.019
0.268 0.051 -0.066 0.045 -0.023 -0.041
0.162 0.247 -0.074 0.047 -0.017 -0.108
-0.018 0.311 -0.105 0.099 0.017 0.014
0.304 0.028 0.007 0.025 0.007 0.223
0.141 -0.198 -0.069 -0.001 -0.06 0.166
0.14 0.104 -0.028 0.04 -0.055 0.031
0.097 0.122 -0.007 0.053 -0.05 0.034
0.071 0.192 0.004 0.075 -0.031 -0.021
0.082 0.126 0.023 0.037 -0.037 -0.027
0.086 0.047 0.018 -0.018 -0.034 -0.024
0.098 0.025 0.033 -0.057 -0.017 -0.037
0.126 -0.062 -0.017 -0.073 0.012 -0.053
0.165 -0.017 0.005 -0.061 0.021 -0.085
0.166 -0.152 0.014 -0.092 0.02 0.01
0.16 -0.246 0.017 -0.143 0.024 -0.068
0.134 0.105 0.011 -0.121 0.025 -0.149
0.147 0.171 0.005 -0.044 0.066 -0.095
0.13 -0.07 -0.021 -0.051 0.063 -0.014
0.165 -0.314 -0.046 -0.111 0.068 -0.019
0.146 -0.022 -0.033 -0.09 0.045 -0.171
0.124 0.1 -0.042 -0.037 0.051 -0.092
0.112 -0.17 -0.155 -0.014 0.014 -0.071
0.101 -0.073 -0.038 0.011 0.014 -0.155
0.087 -0.017 -0.03 0.011 0.013 -0.155
0.089 -0.132 -0.028 0.022 0.015 -0.161
0.095 -0.059 0.029 -0.009 0.025 -0.224
0.086 -0.061 -0.026 -0.014 0.016 -0.244
0.071 -0.053 0.022 -0.019 0.04 -0.25
0.143 -0.16 -0.026 -0.029 0.047 -0.238
0.188 -0.132 0.096 -0.044 0.075 -0.279
0.184 -0.222 -0.031 -0.029 0.051 -0.16
0.108 -0.168 -0.004 -0.006 0.03 -0.139
0.063 -0.102 -0.056 0.002 0.006 -0.083
0.105 -0.063 0.01 -0.012 0.007 0.0
0.186 -0.051 0.013 -0.019 0.005 0.045
0.196 -0.026 -0.096 0.0 -0.019 0.024
0.119 0.026 -0.026 -0.006 -0.006 0.045
0.118 -0.003 -0.016 -0.021 -0.014 0.075
0.13 -0.084 -0.009 -0.022 -0.012 0.081
0.129 -0.088 -0.009 -0.029 -0.018 0.065
0.121 -0.076 -0.008 -0.029 -0.024 0.083
0.11 -0.081 -0.01 -0.022 -0.03 0.093
0.112 -0.1 -0.02 -0.011 -0.033 0.108
0.108 -0.098 -0.03 -0.002 -0.034 0.111
