0.064 -0.068 0.229 -0.054 -0.052 -0.017
0.317 -0.103 0.124 -0.228 0.063 0.106
0.294 -0.685 0.242 -0.17 -0.016 0.462
-0.031 0.141 -0.047 -0.114 -0.048 0.138
0.093 0.048 -0.181 -0.038 -0.023 0.308
0.058 -0.271 0.113 0.016 -0.002 0.243
0.084 -0.186 0.034 0.005 -0.025 0.154
0.121 -0.079 -0.033 0.005 -0.028 0.105
0.121 -0.112 -0.017 0.011 -0.019 0.1
0.14 -0.119 -0.033 0.013 -0.01 0.068
0.236 -0.086 -0.048 0.012 -0.0 0.047
0.209 -0.153 0.031 0.022 0.016 0.042
0.237 -0.085 -0.004 0.037 0.01 0.006
0.219 -0.062 0.029 0.067 0.01 -0.007
0.222 -0.014 0.015 0.107 0.013 -0.014
0.25 0.032 0.008 0.11 0.027 0.013
0.175 0.052 -0.023 0.083 0.018 0.008
0.173 0.128 -0.058 0.035 0.029 0.041
0.216 0.057 -0.002 -0.059 0.039 0.188
0.185 0.123 -0.054 -0.097 0.017 0.192
0.145 0.174 -0.044 -0.011 0.009 0.237
0.087 0.08 -0.039 0.077 0.0 0.218
0.118 0.008 -0.053 0.086 0.001 0.211
0.308 0.014 -0.043 -0.038 -0.001 0.133
0.244 0.061 0.002 0.036 -0.017 0.097
0.195 0.021 0.017 0.122 -0.044 0.059
0.19 -0.027 0.043 0.089 -0.048 -0.002
0.149 0.012 0.085 0.102 -0.043 -0.062
0.129 -0.099 0.058 0.033 -0.046 -0.129
0.072 -0.135 0.102 -0.044 -0.03 -0.167
0.073 -0.096 0.061 -0.104 0.0 -0.241
0.042 -0.04 0.046 -0.122 0.003 -0.261
0.014 -0.061 0.004 -0.098 0.012 -0.272
0.002 -0.061 -0.042 -0.032 0.002 -0.325
-0.003 -0.045 -0.036 0.008 -0.023 -0.357
0.097 -0.153 -0.074 0.015 -0.03 -0.34
0.12 -0.199 -0.05 -0.008 -0.062 -0.356
0.161 -0.205 0.038 0.043 -0.076 -0.316
0.103 -0.263 -0.082 0.047 -0.097 -0.212
0.056 -0.17 -0.03 0.007 -0.077 -0.136
0.051 -0.225 -0.131 -0.055 -0.045 0.017
0.159 -0.154 0.023 -0.195 -0.019 0.109
0.412 -0.067 0.294 -0.232 0.026 0.228
0.014 -0.435 0.069 -0.146 -0.053 0.404
0.005 0.12 0.038 -0.087 -0.019 0.229
0.092 -0.063 -0.109 0.017 -0.005 0.245
0.088 -0.166 0.071 0.006 -0.022 0.205
0.114 -0.187 -0.026 -0.004 -0.034 0.13
0.103 -0.091 -0.01 0.009 -0.03 0.106
0.124 -0.126 -0.043 0.008 -0.029 0.083
0.147 -0.125 -0.038 0.014 -0.015 0.053
0.201 -0.092 -0.007 0.014 0.012 0.037
0.234 -0.113 -0.023 0.015 0.005 0.013
0.234 -0.072 0.001 0.047 0.007 -0.007
0.212 -0.035 0.026 0.083 0.001 -0.023
0.246 0.013 0.007 0.124 0.012 -0.014
0.244 -0.003 -0.018 0.137 0.014 0.028
0.164 -0.016 -0.019 0.101 0.022 0.094
0.2 0.05 -0.035 -0.004 0.023 0.09
0.196 0.136 -0.005 -0.122 0.02 0.148
0.135 0.34 -0.063 -0.064 0.005 0.184
0.039 0.113 -0.035 0.016 0.01 0.24
0.108 0.061 -0.036 0.012 0.001 0.27
0.207 -0.084 -0.019 -0.079 -0.02 0.228
0.38 0.046 0.004 -0.009 -0.025 0.103
0.193 0.045 0.021 0.118 -0.023 0.117
0.145 -0.019 0.016 0.091 -0.062 0.059
0.178 0.041 0.034 0.109 -0.05 -0.026
0.138 -0.059 0.045 0.082 -0.061 -0.062
0.105 -0.114 0.055 0.038 -0.048 -0.146
0.1 -0.1 0.028 -0.009 -0.045 -0.196
0.08 -0.075 0.036 -0.055 -0.019 -0.252
0.04 -0.075 0.049 -0.082 0.008 -0.276
0.022 -0.056 -0.011 -0.072 0.017 -0.306
0.004 -0.065 -0.035 -0.011 0.01 -0.339
0.011 -0.057 -0.05 0.037 0.003 -0.37
0.077 -0.122 -0.09 -0.007 -0.02 -0.364
0.1 -0.12 0.032 -0.038 -0.021 -0.362
0.167 -0.175 -0.007 0.135 0.0 -0.305
0.145 -0.417 -0.111 0.025 -0.055 -0.217
0.294 -0.335 0.082 -0.045 -0.025 -0.115
0.132 0.058 0.025 -0.15 0.035 0.064
0.248 -0.379 0.159 -0.201 0.029 0.263
0.02 -0.341 -0.019 -0.15 -0.037 0.322
-0.024 -0.263 -0.024 -0.054 -0.007 0.307
0.141 0.008 -0.074 -0.017 -0.045 0.177
0.088 -0.104 0.014 0.004 -0.017 0.209
0.122 -0.134 -0.038 -0.006 -0.02 0.15
0.121 -0.099 -0.034 0.009 -0.005 0.126
0.116 -0.142 -0.011 0.014 0.009 0.106
0.129 -0.124 -0.013 0.019 0.012 0.073
0.153 -0.145 0.004 0.026 0.021 0.044
0.236 -0.131 0.06 0.027 0.028 0.024
0.254 -0.061 0.009 0.028 0.019 0.01
0.221 -0.061 0.062 0.076 0.008 -0.007
0.227 -0.023 0.053 0.118 0.003 -0.021
0.266 -0.017 0.026 0.142 0.015 0.052
0.176 -0.146 0.03 0.107 0.027 0.098
0.228 0.07 -0.073 0.027 0.028 0.047
0.21 0.179 -0.041 -0.143 0.014 0.09
0.108 0.36 -0.087 -0.038 0.027 0.2
0.051 0.165 -0.056 -0.01 0.013 0.24
0.186 0.033 -0.08 -0.022 -0.005 0.312
0.396 -0.051 -0.042 -0.113 -0.0 0.226
0.261 0.129 -0.05 -0.004 -0.007 0.129
0.17 0.085 0.019 0.112 -0.024 0.126
0.184 -0.069 0.015 0.144 -0.026 0.101
0.192 -0.017 0.048 0.104 -0.023 0.021
0.163 -0.069 0.015 0.092 -0.05 -0.088
0.096 -0.06 0.12 0.052 -0.045 -0.113
0.106 -0.116 0.088 -0.032 -0.017 -0.188
0.088 -0.069 0.027 -0.046 -0.025 -0.234
0.042 -0.098 0.098 -0.052 0.002 -0.263
0.037 -0.052 -0.009 -0.071 -0.01 -0.305
0.01 -0.038 -0.003 -0.037 -0.029 -0.325
0.021 -0.108 -0.084 -0.001 -0.055 -0.33
0.024 -0.095 -0.03 -0.022 -0.07 -0.365
0.079 -0.163 -0.016 -0.049 -0.075 -0.325
0.1 -0.199 0.05 -0.033 -0.075 -0.32
0.09 -0.231 -0.013 -0.002 -0.093 -0.25
0.056 -0.306 -0.042 0.008 -0.077 -0.179
0.034 -0.124 0.034 -0.034 -0.061 -0.123
0.011 -0.273 -0.107 -0.089 -0.045 0.023
0.424 0.157 0.172 -0.235 0.043 0.069
0.266 -0.44 0.292 -0.137 -0.019 0.439
-0.191 -0.269 0.026 -0.098 0.019 0.323
0.06 -0.236 -0.132 -0.023 -0.02 0.278
0.096 -0.174 -0.005 0.025 -0.016 0.184
0.089 -0.17 0.021 0.004 -0.022 0.158
0.12 -0.126 0.017 0.017 -0.02 0.105
0.128 -0.113 -0.008 0.014 -0.016 0.09
0.21 -0.135 -0.031 0.012 -0.006 0.058
0.257 -0.102 0.004 0.008 -0.001 0.045
0.239 -0.09 0.009 0.032 0.002 0.023
0.2 -0.071 0.033 0.068 -0.003 0.001
0.223 -0.017 0.023 0.11 -0.005 -0.005
0.233 -0.01 0.023 0.133 0.004 0.04
0.198 0.0 -0.005 0.091 0.015 0.029
0.163 0.019 -0.036 0.051 0.028 0.073
0.21 0.005 -0.08 -0.087 0.014 0.141
0.175 0.228 -0.011 -0.113 0.001 0.118
0.039 0.223 -0.044 0.029 0.014 0.237
0.078 0.04 -0.044 0.016 0.004 0.251
0.169 -0.036 -0.052 -0.045 -0.052 0.283
0.36 0.001 0.008 0.002 -0.03 0.123
0.277 0.138 -0.012 0.092 -0.033 0.103
0.176 0.004 0.076 0.098 -0.048 0.126
0.203 0.024 -0.007 0.058 -0.047 0.041
0.176 0.03 0.018 0.037 -0.055 -0.031
0.129 -0.074 0.023 0.007 -0.053 -0.053
-0.088 -0.04 0.079 0.012 0.046 0.306
0.12 -0.184 -0.216 -0.017 -0.035 0.242
0.084 -0.108 0.017 0.029 -0.013 0.206
0.031 -0.254 0.036 0.005 -0.025 0.184
0.136 -0.134 0.0 0.019 -0.029 0.086
0.125 -0.069 -0.03 0.019 -0.02 0.086
0.148 -0.142 -0.015 0.007 -0.009 0.062
0.222 -0.084 -0.012 0.014 0.013 0.037
0.257 -0.094 -0.029 0.017 0.009 0.021
0.234 -0.09 0.005 0.048 0.007 0.021
0.184 -0.098 0.026 0.099 -0.003 0.022
0.255 -0.084 -0.008 0.136 0.014 0.087
0.183 -0.145 -0.02 0.092 0.004 0.071
0.184 -0.015 -0.057 0.064 0.015 0.049
0.224 0.129 -0.049 -0.074 0.012 0.077
0.175 0.374 -0.089 -0.063 0.007 0.09
-0.023 0.269 -0.02 0.011 0.031 0.223
0.177 0.03 -0.03 -0.006 -0.004 0.351
0.26 -0.146 -0.013 -0.155 -0.03 0.287
0.307 0.164 -0.001 -0.004 -0.033 0.113
0.299 0.142 0.005 0.046 -0.026 0.177
0.194 0.046 0.053 0.102 -0.017 0.163
0.197 -0.003 -0.02 0.081 -0.042 0.069
0.22 -0.018 0.003 0.091 -0.052 0.044
0.149 -0.094 0.006 0.075 -0.063 -0.01
0.086 -0.168 0.028 0.053 -0.064 -0.097
0.033 -0.085 0.083 0.033 -0.048 -0.213
0.034 -0.057 0.031 -0.011 -0.039 -0.249
0.037 -0.041 0.049 -0.046 -0.026 -0.299
0.033 -0.059 0.042 -0.089 -0.002 -0.342
0.023 -0.057 -0.002 -0.073 0.017 -0.387
0.116 -0.089 -0.042 0.026 0.019 -0.37
0.058 -0.117 0.031 0.006 0.031 -0.43
0.121 -0.064 -0.112 -0.013 -0.002 -0.414
0.093 -0.166 -0.075 -0.024 -0.023 -0.397
0.158 -0.105 0.01 -0.087 -0.061 -0.285
0.285 -0.597 -0.177 -0.024 -0.063 -0.17
0.016 -0.089 0.12 0.01 -0.025 -0.018
0.009 -0.086 -0.018 -0.033 0.015 0.049
0.287 -0.316 -0.159 -0.223 0.004 0.17
0.512 -0.394 0.293 -0.072 -0.067 0.465
-0.134 -0.304 -0.203 0.042 -0.027 0.362
0.09 0.082 -0.014 -0.046 -0.06 0.251
0.084 -0.127 0.057 0.045 -0.01 0.238
0.076 -0.168 0.046 0.007 -0.019 0.198
0.122 -0.143 -0.03 0.015 -0.022 0.127
0.112 -0.124 -0.01 0.016 -0.016 0.105
0.142 -0.132 -0.038 0.014 -0.009 0.08
0.253 -0.096 -0.036 0.015 0.011 0.053
0.252 -0.104 -0.036 0.013 0.014 0.036
0.238 -0.087 0.016 0.029 0.015 0.02
0.202 -0.079 0.038 0.052 0.003 0.0
0.224 -0.039 0.028 0.097 0.006 -0.01
0.261 -0.094 0.01 0.142 0.015 0.065
0.177 -0.11 0.003 0.114 0.011 0.058
0.194 0.059 -0.062 0.043 0.019 0.037
0.221 0.09 -0.026 -0.117 0.011 0.097
0.122 0.418 -0.067 -0.049 0.011 0.127
-0.032 0.16 -0.024 -0.017 0.018 0.239
0.173 -0.044 -0.093 -0.08 -0.014 0.35
0.361 -0.1 -0.006 -0.128 -0.01 0.227
0.328 0.18 0.009 -0.002 -0.015 0.121
0.209 0.088 0.003 0.069 -0.016 0.185
0.204 -0.022 0.019 0.093 -0.011 0.289
0.224 -0.031 -0.016 0.063 -0.024 0.062
0.165 -0.045 0.021 0.07 -0.035 -0.032
0.103 -0.101 0.027 0.047 -0.036 -0.087
0.05 -0.156 0.02 0.024 -0.039 -0.128
0.006 -0.119 0.065 0.013 -0.023 -0.226
0.014 -0.049 0.034 -0.007 -0.005 -0.312
0.009 -0.035 0.041 -0.059 -0.0 -0.33
0.013 -0.058 0.029 -0.064 0.008 -0.36
0.018 -0.059 -0.006 -0.027 0.002 -0.414
0.074 -0.065 -0.041 -0.075 -0.017 -0.402
0.105 -0.086 0.096 -0.026 0.039 -0.427
0.201 -0.088 -0.121 -0.068 0.021 -0.379
0.187 -0.241 -0.048 0.005 -0.002 -0.36
0.203 -0.252 -0.053 0.099 -0.039 -0.253
0.144 -0.286 0.037 -0.024 -0.032 -0.168
0.095 -0.341 -0.062 -0.055 -0.032 0.025
0.141 -0.077 -0.076 -0.162 -0.028 0.129
0.454 -0.339 0.398 -0.135 -0.008 0.386
-0.005 -0.326 -0.093 -0.075 -0.042 0.302
0.002 -0.062 0.038 -0.055 -0.027 0.281
0.034 -0.189 -0.037 0.007 -0.003 0.273
0.106 -0.19 0.04 0.008 -0.007 0.198
0.119 -0.133 -0.046 0.005 -0.027 0.145
0.118 -0.111 0.006 0.013 -0.019 0.117
0.113 -0.142 -0.004 0.001 -0.016 0.087
0.149 -0.141 -0.011 0.003 -0.01 0.056
0.233 -0.143 0.061 0.009 -0.001 0.042
0.242 -0.09 0.019 0.011 -0.005 0.021
0.218 -0.083 0.035 0.031 -0.011 0.005
0.184 -0.052 0.0 0.082 -0.023 -0.004
0.218 -0.091 0.033 0.12 -0.005 0.072
0.184 -0.159 -0.002 0.123 -0.005 0.07
0.195 -0.075 -0.035 0.059 0.014 0.047
0.24 0.121 -0.038 -0.101 -0.003 0.063
0.166 0.304 -0.066 -0.067 -0.008 0.124
0.031 0.265 -0.035 0.043 0.024 0.219
0.077 0.091 -0.036 -0.001 -0.001 0.299
0.245 -0.071 -0.046 -0.139 -0.023 0.326
0.401 0.036 -0.055 -0.036 -0.038 0.113
0.194 0.142 0.021 0.095 -0.036 0.136
0.213 0.001 0.004 0.094 0.012 0.19
0.213 -0.016 -0.006 0.077 -0.032 0.036
0.169 -0.047 0.017 0.074 -0.071 -0.007
0.129 -0.049 0.043 0.065 -0.059 -0.075
0.105 -0.089 0.041 0.031 -0.062 -0.134
0.074 -0.151 0.03 0.001 -0.044 -0.19
0.035 -0.14 0.071 -0.047 -0.008 -0.25
0.033 0.035 0.04 -0.082 0.02 -0.317
0.03 -0.035 0.019 -0.086 0.026 -0.303
0.053 -0.145 -0.039 -0.077 0.007 -0.304
0.005 -0.057 0.039 0.006 0.07 -0.441
0.101 -0.063 -0.118 -0.057 -0.002 -0.419
0.151 -0.109 -0.027 -0.097 0.02 -0.385
0.124 -0.142 -0.027 0.07 0.038 -0.337
0.204 -0.232 -0.191 0.079 -0.03 -0.281
0.228 -0.427 -0.066 -0.023 -0.054 -0.153
0.19 -0.166 -0.087 -0.056 -0.025 0.009
0.112 -0.141 0.151 -0.155 0.019 0.212
0.094 -0.379 0.026 -0.149 -0.014 0.323
0.051 -0.219 0.093 -0.027 0.009 0.278
0.04 -0.191 -0.104 -0.038 -0.012 0.261
0.04 -0.189 -0.023 0.024 -0.003 0.246
0.031 -0.357 -0.02 -0.001 -0.019 0.22
0.128 -0.057 -0.021 0.002 -0.029 0.127
0.111 -0.115 -0.002 0.013 -0.018 0.125
0.123 -0.174 -0.001 0.008 -0.017 0.086
0.174 -0.123 -0.027 0.002 -0.009 0.053
0.237 -0.108 -0.01 0.001 -0.004 0.038
0.232 -0.098 0.004 0.019 0.006 0.021
0.215 -0.095 0.029 0.043 0.002 -0.001
0.2 -0.064 -0.025 0.114 -0.005 0.007
0.235 -0.155 0.036 0.131 0.009 0.107
0.144 -0.23 0.05 0.144 -0.003 0.083
0.247 -0.011 -0.047 0.072 0.01 0.048
0.266 0.11 -0.016 -0.125 -0.008 0.075
0.045 0.441 -0.004 0.034 0.007 0.126
-0.055 0.242 -0.076 -0.041 0.01 0.28
0.143 -0.108 -0.102 -0.144 -0.017 0.398
0.44 -0.126 0.033 -0.101 -0.026 0.154
0.249 0.294 -0.05 0.028 -0.023 0.123
0.203 0.098 0.001 0.045 -0.018 0.21
0.207 0.026 -0.049 0.037 -0.03 0.142
0.231 0.024 -0.006 0.081 -0.047 0.077
0.196 -0.047 -0.007 0.099 -0.058 0.043
0.126 -0.124 0.011 0.119 -0.066 -0.056
0.082 -0.147 0.031 0.077 -0.067 -0.152
-0.006 -0.115 -0.002 -0.017 -0.044 -0.447
0.074 -0.023 -0.006 -0.057 -0.052 -0.441
0.191 -0.166 -0.059 -0.041 -0.071 -0.4
0.199 -0.125 0.075 0.091 -0.025 -0.39
0.154 -0.403 0.12 0.117 0.008 -0.26
0.072 -0.17 -0.074 0.017 -0.017 -0.223
0.097 -0.271 -0.084 -0.057 -0.022 -0.004
-0.195 -0.272 0.1 -0.133 -0.027 0.181
0.278 0.178 0.304 -0.354 0.099 0.223
0.138 -0.65 0.129 -0.207 -0.097 0.495
-0.135 0.188 0.061 -0.034 -0.011 0.234
0.102 -0.142 -0.197 0.041 0.012 0.291
0.101 -0.137 -0.072 0.03 -0.018 0.236
0.103 -0.186 0.018 0.023 -0.017 0.176
0.112 -0.089 0.003 0.022 -0.021 0.121
0.114 -0.141 -0.008 0.013 -0.02 0.106
0.141 -0.142 -0.034 0.014 -0.012 0.078
0.193 -0.172 0.034 0.028 0.0 0.081
0.169 -0.273 0.023 0.052 0.0 0.093
0.164 -0.287 0.018 0.104 -0.002 0.078
0.182 -0.224 0.044 0.138 0.016 0.083
0.224 -0.236 0.019 0.168 0.015 0.054
0.302 -0.035 -0.034 0.126 0.048 -0.011
0.377 0.155 -0.107 -0.224 0.029 -0.045
0.099 0.575 -0.155 -0.033 0.042 0.096
-0.048 0.244 -0.118 -0.01 -0.033 0.278
0.274 -0.164 -0.034 -0.166 -0.036 0.44
0.368 0.265 -0.042 0.01 -0.076 0.168
0.314 0.242 0.031 0.126 0.001 0.193
0.235 0.177 0.042 0.134 0.003 0.229
0.218 -0.023 0.046 0.067 -0.01 0.211
0.262 -0.187 -0.01 0.021 -0.032 0.175
0.223 -0.022 0.018 0.041 -0.014 0.069
0.168 0.019 0.03 0.027 -0.032 -0.049
0.066 -0.07 0.083 0.036 -0.05 -0.091
0.039 -0.247 0.06 0.013 -0.043 -0.158
0.025 -0.115 0.066 -0.001 -0.038 -0.286
0.023 -0.077 0.057 -0.055 -0.022 -0.348
0.024 0.021 0.042 -0.078 -0.01 -0.377
0.007 -0.084 0.045 -0.075 -0.0 -0.387
-0.013 -0.053 -0.001 -0.033 0.002 -0.453
0.034 -0.063 -0.041 -0.004 -0.014 -0.456
0.107 -0.202 -0.169 -0.076 -0.022 -0.421
0.109 -0.131 -0.045 -0.063 -0.002 -0.442
0.221 -0.263 -0.095 0.014 -0.004 -0.375
0.175 -0.251 -0.069 0.058 -0.066 -0.342
0.068 -0.536 0.034 -0.03 -0.053 -0.119
0.103 -0.116 -0.041 -0.057 -0.025 0.027
0.385 -0.152 0.322 -0.211 0.035 0.282
-0.016 -0.492 0.028 -0.166 -0.066 0.386
-0.007 -0.131 0.13 -0.074 -0.032 0.247
0.117 0.007 -0.131 0.021 -0.025 0.275
0.073 -0.159 0.06 0.026 -0.008 0.261
0.089 -0.179 0.025 0.012 -0.028 0.193
0.12 -0.096 -0.003 0.017 -0.025 0.144
0.115 -0.132 -0.032 0.018 -0.018 0.12
0.132 -0.143 -0.008 0.02 -0.011 0.091
0.18 -0.124 0.029 0.011 0.007 0.07
0.206 -0.113 -0.01 0.016 0.004 0.051
0.212 -0.125 0.021 0.022 0.003 0.031
0.214 -0.122 0.019 0.044 0.004 -0.005
0.256 -0.067 0.007 0.092 0.016 -0.036
0.293 -0.003 0.0 0.111 0.026 0.006
0.223 -0.048 0.029 0.118 0.033 0.022
0.171 0.051 -0.047 0.02 0.018 0.027
0.237 0.014 -0.095 -0.098 0.016 0.159
0.201 0.324 0.007 -0.073 -0.004 0.12
0.061 0.157 -0.039 0.054 0.009 0.245
0.088 0.089 -0.025 0.053 0.003 0.249
0.335 -0.058 -0.034 -0.119 -0.001 0.266
0.3 0.09 -0.024 -0.003 -0.017 0.093
0.181 0.115 0.029 0.072 -0.032 0.106
0.238 -0.003 -0.01 0.128 -0.021 0.128
0.195 -0.087 0.042 0.104 -0.033 0.065
0.142 -0.088 0.031 0.054 -0.04 -0.033
0.095 -0.061 0.096 0.027 -0.015 -0.092
0.069 -0.093 0.031 -0.036 -0.01 -0.155
0.016 -0.089 0.038 -0.062 -0.015 -0.209
0.002 -0.118 0.001 -0.043 -0.015 -0.24
-0.013 -0.126 0.003 -0.036 -0.025 -0.294
-0.027 -0.056 -0.025 0.013 -0.032 -0.363
-0.038 -0.023 -0.037 0.059 -0.06 -0.393
0.029 -0.116 -0.034 0.062 -0.062 -0.371
0.114 -0.195 -0.053 -0.026 -0.062 -0.365
0.164 -0.178 -0.049 0.011 -0.047 -0.345
0.194 -0.203 -0.032 0.108 -0.037 -0.27
0.195 -0.29 -0.115 0.036 -0.063 -0.222
-0.114 -0.231 0.01 -0.02 -0.064 -0.098
0.013 -0.184 0.127 -0.034 -0.007 0.006
0.066 -0.229 -0.073 -0.165 -0.056 0.123
0.501 0.094 0.388 -0.252 0.112 0.218
0.061 -0.362 0.134 -0.19 -0.075 0.304
0.046 0.181 -0.146 -0.03 -0.001 0.242
0.078 -0.185 0.018 0.037 -0.007 0.28
0.088 -0.153 0.011 0.03 -0.028 0.187
0.11 -0.147 0.005 0.036 -0.029 0.142
0.112 -0.112 -0.044 0.03 -0.029 0.114
0.106 -0.148 -0.028 0.037 -0.014 0.093
0.136 -0.109 -0.079 0.041 0.005 0.059
0.154 -0.138 -0.047 0.044 0.023 0.038
0.237 -0.158 0.031 0.044 0.043 0.018
0.291 -0.101 0.018 0.063 0.048 -0.004
0.28 -0.048 -0.003 0.128 0.047 -0.006
0.302 -0.059 0.035 0.14 0.075 0.103
0.182 -0.13 0.063 0.112 0.045 0.1
0.19 0.076 -0.082 -0.021 0.011 0.064
0.236 0.25 -0.008 -0.117 0.032 0.121
0.116 0.301 -0.065 -0.001 0.017 0.202
0.038 0.142 -0.085 0.015 0.02 0.207
0.221 -0.0 -0.122 -0.137 -0.006 0.285
0.41 -0.002 0.009 -0.103 -0.011 0.095
0.233 0.098 -0.022 0.037 -0.015 0.104
0.253 0.034 0.012 0.059 0.0 0.084
0.203 0.025 -0.017 0.083 -0.011 0.034
0.185 -0.011 0.037 0.086 -0.033 -0.008
0.145 -0.128 0.057 0.074 -0.023 -0.076
0.101 -0.12 0.069 0.027 -0.028 -0.166
0.073 -0.101 0.079 -0.007 -0.014 -0.218
0.014 -0.059 0.069 -0.02 -0.018 -0.263
0.034 -0.06 0.073 0.006 0.015 -0.279
-0.044 -0.062 -0.063 -0.014 -0.052 -0.351
-0.053 -0.049 0.07 0.014 -0.045 -0.367
0.035 -0.116 -0.093 -0.001 -0.067 -0.371
0.033 -0.089 -0.043 -0.0 -0.073 -0.377
0.138 -0.229 -0.018 0.012 -0.089 -0.284
0.176 -0.31 -0.062 0.027 -0.088 -0.273
0.139 -0.199 0.046 0.018 -0.079 -0.192
0.108 -0.284 0.039 -0.047 -0.024 -0.056
0.246 -0.225 -0.085 -0.312 -0.006 0.086
0.307 -0.286 0.291 -0.285 0.051 0.344
-0.062 -0.417 0.014 -0.146 -0.01 0.355
0.071 0.012 0.072 -0.081 -0.018 0.209
0.125 -0.027 -0.096 0.028 0.006 0.252
0.091 -0.179 0.082 0.043 -0.011 0.223
0.096 -0.159 0.049 0.016 -0.03 0.145
0.106 -0.065 -0.011 0.025 -0.035 0.116
0.116 -0.132 -0.011 0.022 -0.033 0.109
0.13 -0.131 -0.028 0.018 -0.026 0.077
0.145 -0.134 -0.019 0.02 -0.009 0.044
0.193 -0.144 0.036 0.023 0.014 0.033
0.252 -0.121 -0.002 0.033 0.019 0.013
0.251 -0.095 0.024 0.055 0.023 -0.015
0.241 -0.047 0.01 0.102 0.021 -0.032
0.294 0.048 0.01 0.119 0.033 -0.005
0.223 0.031 0.015 0.097 0.044 0.009
0.156 0.046 -0.011 0.0 0.023 0.042
0.238 0.073 -0.074 -0.11 0.025 0.131
0.176 0.31 -0.023 -0.08 0.024 0.151
0.095 0.103 -0.058 0.013 0.019 0.244
0.116 0.101 -0.049 0.039 0.008 0.21
0.11 -0.128 -0.026 0.014 -0.014 0.109
0.115 -0.128 -0.003 0.019 -0.015 0.079
0.133 -0.129 -0.017 0.021 -0.005 0.047
0.218 -0.092 -0.037 0.019 0.012 0.026
0.237 -0.094 -0.016 0.021 0.012 0.015
0.248 -0.095 0.012 0.035 0.013 -0.001
0.227 -0.087 0.034 0.076 0.01 -0.022
0.287 -0.046 -0.063 0.149 0.004 0.046
0.227 -0.35 0.093 0.16 0.003 0.12
0.171 -0.051 0.021 0.114 0.018 0.005
0.31 0.2 -0.018 -0.115 0.019 0.041
0.137 0.369 -0.104 -0.032 0.02 0.136
0.007 0.197 -0.057 -0.017 0.021 0.225
0.253 0.091 -0.181 -0.029 -0.018 0.367
0.444 -0.138 -0.001 -0.17 0.017 0.293
0.304 0.188 -0.008 -0.045 -0.015 0.155
0.212 0.131 0.011 0.076 -0.036 0.156
0.228 0.01 -0.011 0.101 -0.03 0.152
0.232 -0.032 0.011 0.12 -0.044 0.086
0.228 -0.027 0.051 0.118 -0.049 -0.007
0.165 -0.045 0.05 0.068 -0.07 -0.083
0.11 -0.102 0.077 0.042 -0.054 -0.155
0.043 -0.06 0.125 0.003 -0.022 -0.238
0.051 -0.087 0.081 -0.059 0.002 -0.303
0.044 -0.052 0.011 -0.059 0.006 -0.35
-0.022 -0.106 0.055 -0.059 -0.008 -0.376
-0.002 -0.037 -0.002 -0.027 -0.003 -0.434
0.016 -0.067 -0.144 -0.001 -0.06 -0.433
0.107 -0.2 -0.101 -0.015 -0.047 -0.394
0.163 -0.192 -0.004 0.021 -0.07 -0.372
0.18 -0.286 0.044 0.037 -0.062 -0.331
0.074 -0.389 -0.077 -0.026 -0.062 -0.17
0.01 -0.248 0.116 -0.033 -0.027 -0.084
0.049 -0.435 0.056 -0.096 -0.022 0.065
0.561 -0.117 0.048 -0.573 0.079 0.22
0.109 -0.542 0.335 -0.21 -0.062 0.438
-0.095 0.312 -0.126 -0.029 -0.021 0.232
0.057 -0.163 -0.096 0.041 -0.012 0.33
0.104 -0.174 0.021 0.021 -0.046 0.21
0.102 -0.169 0.047 0.023 -0.038 0.159
0.101 -0.108 -0.014 0.027 -0.034 0.117
0.123 -0.123 -0.048 0.019 -0.032 0.102
0.155 -0.129 -0.046 0.021 -0.018 0.077
0.193 -0.1 0.023 0.026 0.011 0.061
0.223 -0.118 -0.014 0.025 0.009 0.045
0.227 -0.116 0.009 0.044 0.009 0.023
0.223 -0.113 0.015 0.073 0.011 -0.014
0.269 -0.009 0.007 0.116 0.03 -0.026
0.282 0.03 -0.033 0.119 0.033 -0.002
0.187 0.103 -0.023 0.08 0.038 -0.009
0.164 0.141 -0.083 -0.008 0.025 0.046
0.2 0.021 -0.026 -0.095 0.02 0.171
0.194 0.209 -0.014 -0.087 -0.013 0.166
0.069 0.176 -0.018 0.062 -0.018 0.215
0.066 0.11 -0.031 0.09 -0.008 0.175
0.229 -0.039 -0.082 -0.087 -0.001 0.236
0.331 0.043 0.022 -0.035 -0.015 0.078
0.193 0.037 -0.019 0.063 -0.017 0.092
0.188 -0.019 0.048 0.078 -0.006 0.049
0.196 0.02 -0.001 0.059 -0.011 -0.003
0.158 -0.032 0.022 0.053 -0.023 -0.016
0.13 -0.189 0.036 0.018 -0.008 -0.052
0.082 -0.146 0.04 -0.008 -0.007 -0.167
0.054 -0.128 0.021 -0.013 -0.006 -0.197
0.04 -0.132 0.024 -0.024 -0.012 -0.242
0.007 -0.031 0.015 -0.017 -0.023 -0.313
-0.003 -0.03 0.015 -0.007 -0.038 -0.312
-0.035 -0.089 0.006 -0.025 -0.046 -0.345
0.017 -0.111 0.009 -0.012 -0.036 -0.377
0.032 -0.134 -0.008 -0.042 -0.046 -0.347
0.102 -0.193 -0.026 0.033 -0.029 -0.302
0.144 -0.219 -0.066 0.069 -0.049 -0.281
0.184 -0.367 -0.049 -0.006 -0.066 -0.185
0.062 -0.29 0.061 -0.025 -0.049 -0.072
0.104 -0.223 0.054 -0.091 -0.025 0.031
0.434 -0.078 0.323 -0.32 0.08 0.219
0.021 -0.466 -0.01 -0.214 -0.054 0.396
-0.037 0.043 0.05 -0.053 -0.015 0.235
0.09 -0.164 -0.069 0.012 -0.001 0.293
0.105 -0.105 0.016 0.052 -0.019 0.223
0.09 -0.175 0.055 0.052 -0.019 0.19
0.041 -0.163 0.045 0.071 -0.013 0.153
0.09 -0.177 -0.024 0.087 -0.009 0.136
0.065 -0.214 0.033 0.11 0.01 0.112
0.238 -0.174 -0.114 0.13 0.015 0.091
0.196 -0.231 -0.031 0.128 0.005 0.087
0.275 -0.212 -0.092 0.16 0.032 0.031
0.291 -0.091 -0.049 0.163 0.032 -0.024
0.363 0.054 -0.036 0.089 0.034 0.03
0.196 0.035 -0.031 0.053 0.005 0.077
0.367 0.044 -0.1 -0.063 0.016 0.144
0.201 0.325 -0.039 -0.101 -0.009 0.114
0.086 0.231 -0.102 -0.018 0.003 0.202
0.317 0.063 -0.197 -0.141 -0.025 0.325
0.474 -0.017 0.05 -0.218 -0.017 0.191
0.27 0.165 0.012 -0.026 -0.018 0.174
0.22 0.048 -0.05 0.098 -0.006 0.163
0.245 0.021 0.019 0.097 -0.015 0.106
0.25 0.004 0.052 0.091 0.001 0.049
0.217 -0.059 0.044 0.084 0.0 -0.017
0.192 -0.088 0.075 0.039 -0.006 -0.078
0.167 -0.139 0.058 0.05 0.003 -0.138
0.114 -0.164 0.128 -0.001 0.023 -0.212
0.083 -0.06 0.063 -0.022 0.016 -0.299
0.03 -0.056 0.009 -0.036 -0.005 -0.311
-0.02 -0.083 0.004 -0.033 -0.026 -0.353
-0.007 -0.023 0.014 -0.023 -0.035 -0.378
0.034 -0.099 -0.052 -0.048 -0.042 -0.374
0.015 -0.19 0.026 -0.021 -0.055 -0.354
0.046 -0.18 0.038 -0.0 -0.052 -0.363
0.022 -0.243 -0.024 -0.006 -0.099 -0.292
-0.007 -0.345 -0.03 -0.028 -0.092 -0.195
0.051 -0.252 -0.058 -0.063 -0.077 -0.132
0.201 -0.324 0.11 -0.033 -0.045 -0.062
0.026 -0.202 0.039 -0.038 -0.03 0.001
0.079 -0.252 -0.682 -0.218 -0.041 0.155
0.748 0.04 -0.228 -0.123 -0.129 0.38
-0.207 -0.31 -0.203 -0.004 -0.017 0.402
0.091 0.057 0.048 -0.056 -0.058 0.244
0.104 -0.137 -0.05 0.017 -0.035 0.207
0.081 -0.17 0.036 0.002 -0.042 0.18
0.112 -0.112 -0.04 0.007 -0.042 0.115
0.125 -0.112 -0.017 0.016 -0.035 0.106
0.155 -0.127 -0.035 0.019 -0.016 0.076
0.216 -0.1 -0.024 0.023 -0.001 0.051
0.224 -0.107 -0.011 0.008 -0.001 0.037
0.216 -0.099 0.018 0.023 -0.004 0.022
0.18 -0.168 -0.012 0.078 -0.019 0.053
0.148 -0.359 0.048 0.112 -0.014 0.113
0.157 -0.278 0.044 0.181 -0.0 0.074
0.175 -0.055 0.017 0.131 0.011 0.015
0.348 0.185 0.006 -0.037 0.02 -0.001
0.204 0.431 -0.135 -0.02 0.013 0.046
-0.077 0.206 -0.048 0.029 0.022 0.18
0.268 -0.038 -0.232 -0.016 -0.046 0.417
0.483 -0.077 0.078 -0.077 -0.024 0.282
0.296 0.232 -0.01 0.051 -0.021 0.179
0.23 0.155 0.039 0.088 -0.02 0.197
0.232 -0.022 -0.019 0.106 -0.029 0.193
0.265 -0.106 0.003 0.092 -0.04 0.127
0.254 0.017 -0.007 0.08 -0.053 0.009
0.184 0.04 0.049 0.08 -0.07 -0.013
0.093 -0.132 0.057 0.074 -0.063 -0.043
0.062 -0.258 0.043 0.018 -0.05 -0.165
-0.003 -0.106 0.066 -0.023 -0.022 -0.301
0.018 -0.007 0.067 -0.08 -0.02 -0.334
0.022 -0.03 0.055 -0.098 0.001 -0.328
0.01 -0.053 0.001 -0.095 -0.002 -0.371
-0.008 -0.041 -0.005 -0.042 -0.012 -0.416
0.017 -0.09 -0.074 -0.036 -0.023 -0.415
0.011 -0.065 0.014 -0.041 -0.019 -0.289
0.017 -0.024 -0.005 -0.046 -0.025 -0.326
-0.003 -0.09 0.018 -0.042 -0.022 -0.368
0.001 -0.065 0.003 0.038 -0.01 -0.422
0.087 -0.115 -0.041 -0.034 -0.035 -0.411
0.034 -0.097 0.079 -0.007 0.002 -0.439
0.138 -0.066 -0.023 -0.059 -0.005 -0.399
0.134 -0.087 -0.039 0.078 0.002 -0.357
0.219 -0.387 -0.129 -0.053 -0.033 -0.207
0.079 -0.324 -0.08 -0.085 -0.029 -0.206
-0.083 -0.376 0.028 -0.126 -0.04 0.077
0.118 -0.206 0.168 -0.141 0.037 0.185
0.334 -0.402 0.076 -0.239 -0.008 0.407
-0.019 -0.339 0.08 -0.008 -0.014 0.31
0.104 0.008 -0.128 -0.031 -0.018 0.233
0.09 -0.101 0.065 0.028 -0.003 0.233
0.077 -0.217 0.032 0.001 -0.017 0.191
0.125 -0.135 -0.026 0.003 -0.03 0.113
0.124 -0.108 -0.001 0.007 -0.024 0.096
0.216 -0.099 -0.018 0.004 -0.015 0.068
0.234 -0.123 -0.037 -0.006 -0.017 0.05
0.208 -0.103 -0.012 0.022 -0.009 0.03
0.196 -0.116 0.008 0.047 -0.009 -0.0
0.208 -0.061 -0.005 0.088 0.004 -0.018
0.225 -0.094 0.003 0.14 0.014 0.068
0.15 -0.214 -0.007 0.13 0.002 0.077
0.192 -0.135 -0.069 0.088 0.023 0.045
0.258 0.033 -0.065 -0.07 0.014 0.038
0.182 0.278 -0.07 -0.084 0.012 0.024
-0.061 0.363 -0.034 0.029 0.028 0.178
0.225 0.014 -0.085 -0.009 -0.012 0.388
0.254 -0.116 -0.001 -0.15 -0.027 0.334
0.471 0.13 -0.031 -0.063 -0.039 0.162
0.23 0.263 0.004 0.077 -0.01 0.191
0.235 0.011 0.026 0.095 -0.107 0.241
0.226 -0.062 -0.001 0.04 -0.026 0.165
0.225 -0.075 -0.034 0.041 -0.026 0.076
0.159 -0.032 0.018 0.043 -0.018 -0.012
0.117 -0.097 0.003 0.007 -0.028 -0.051
0.03 -0.107 0.003 0.032 -0.017 -0.12
-0.015 -0.17 0.025 0.001 -0.005 -0.232
-0.015 -0.042 0.041 -0.01 0.02 -0.319
0.004 -0.012 -0.009 -0.03 0.014 -0.35
0.012 -0.101 0.013 -0.045 0.001 -0.373
-0.005 -0.032 0.037 -0.012 0.01 -0.441
0.083 -0.085 0.003 -0.039 -0.01 -0.415
0.057 -0.122 0.042 -0.065 0.016 -0.453
0.137 -0.025 -0.118 -0.056 0.005 -0.394
0.124 -0.074 -0.03 -0.007 -0.011 -0.387
0.176 -0.304 0.027 0.101 -0.044 -0.211
0.181 -0.448 -0.024 0.055 -0.027 -0.188
0.038 -0.2 -0.106 -0.09 -0.027 -0.014
0.179 -0.067 0.18 -0.233 0.039 0.094
0.33 -0.501 0.08 -0.178 -0.039 0.389
-0.058 -0.238 -0.039 -0.01 -0.045 0.322
0.023 -0.164 0.003 -0.041 -0.041 0.267
0.076 -0.14 -0.024 0.022 -0.024 0.232
0.076 -0.291 -0.013 0.01 -0.035 0.208
0.127 -0.093 -0.026 0.012 -0.048 0.132
0.122 -0.131 -0.015 0.011 -0.043 0.116
0.152 -0.143 -0.04 0.002 -0.032 0.081
0.244 -0.096 -0.054 0.007 -0.009 0.049
0.262 -0.133 -0.052 0.01 -0.001 0.034
0.248 -0.093 -0.019 0.044 0.003 0.008
0.218 -0.059 0.012 0.082 0.01 -0.011
0.238 0.01 0.012 0.103 0.019 0.023
0.179 -0.16 0.07 0.177 0.023 0.131
0.174 -0.249 0.024 0.102 0.03 0.07
0.271 0.064 -0.033 -0.056 0.021 0.023
0.181 0.192 -0.054 -0.086 -0.001 0.066
0.069 0.405 -0.062 0.006 0.031 0.121
0.022 0.237 -0.084 0.003 0.019 0.29
0.207 -0.11 -0.077 -0.116 -0.004 0.382
0.466 0.011 -0.017 -0.1 -0.037 0.183
0.198 0.209 0.028 0.086 -0.019 0.151
0.197 0.075 -0.02 0.06 -0.017 0.202
0.208 -0.045 0.01 0.046 -0.024 0.205
0.212 -0.076 -0.023 0.072 -0.042 0.061
0.143 -0.002 0.032 0.084 -0.048 0.043
0.087 -0.046 0.036 0.061 -0.061 -0.049
0.051 -0.171 0.034 0.048 -0.065 -0.139
0.0 -0.096 0.063 -0.012 -0.048 -0.228
0.013 -0.014 0.035 -0.046 -0.027 -0.292
0.037 -0.029 0.006 -0.09 -0.02 -0.305
0.011 -0.064 0.021 -0.082 -0.006 -0.361
0.007 -0.073 -0.035 -0.006 -0.007 -0.376
0.039 -0.091 -0.004 0.015 -0.02 -0.408
0.093 -0.152 -0.063 -0.035 -0.026 -0.442
0.086 -0.023 -0.04 -0.042 -0.024 -0.407
0.155 -0.184 0.019 0.019 -0.012 -0.354
0.173 -0.184 -0.052 0.102 -0.022 -0.279
0.163 -0.35 -0.066 -0.061 -0.047 -0.167
0.191 -0.335 -0.031 -0.1 -0.022 0.046
0.117 -0.062 0.101 -0.155 0.017 0.185
0.282 -0.483 0.165 -0.226 -0.033 0.438
-0.056 -0.333 0.096 0.027 -0.002 0.35
0.08 -0.05 -0.139 -0.047 -0.016 0.239
0.11 -0.038 -0.009 0.038 -0.013 0.229
0.061 -0.193 0.072 0.016 -0.013 0.205
0.117 -0.178 -0.019 0.006 -0.019 0.122
0.133 -0.101 -0.026 0.007 -0.015 0.093
0.144 -0.129 -0.031 -0.0 -0.01 0.073
0.243 -0.139 0.021 -0.003 0.004 0.055
0.246 -0.108 -0.012 0.01 0.003 0.03
0.231 -0.097 0.013 0.036 -0.001 0.003
0.219 -0.052 0.009 0.078 -0.005 -0.017
0.233 -0.024 0.008 0.13 0.005 0.036
0.175 -0.186 0.067 0.139 0.003 0.099
0.183 -0.176 -0.033 0.06 0.015 0.039
0.244 0.04 -0.062 -0.07 0.007 0.05
0.164 0.231 -0.028 -0.05 0.006 0.075
-0.02 0.286 -0.057 0.011 0.013 0.214
0.187 0.074 -0.071 -0.017 -0.002 0.329
0.315 -0.009 0.033 -0.107 0.001 0.286
0.372 0.093 -0.063 -0.026 -0.028 0.185
0.228 0.193 -0.011 0.072 -0.016 0.188
0.254 0.023 -0.023 0.076 -0.014 0.207
0.236 -0.04 -0.023 0.086 -0.05 0.159
0.22 -0.06 -0.02 0.09 -0.041 0.028
0.153 0.015 0.048 0.088 -0.031 -0.055
0.107 -0.079 0.018 0.029 -0.058 -0.101
0.064 -0.161 0.002 -0.008 -0.039 -0.202
0.025 -0.165 0.017 -0.027 -0.032 -0.259
0.012 -0.034 0.054 -0.076 -0.021 -0.353
0.012 0.031 0.051 -0.032 -0.015 -0.344
0.04 -0.109 -0.03 -0.042 -0.012 -0.366
0.031 -0.071 0.03 0.005 0.0 -0.409
0.058 -0.139 -0.025 -0.042 -0.0 -0.446
0.067 -0.073 -0.044 -0.073 -0.031 -0.428
0.13 -0.181 0.035 0.002 0.006 -0.331
0.175 -0.231 -0.047 0.132 -0.007 -0.294
0.132 -0.444 -0.208 0.001 -0.074 -0.172
0.083 -0.195 0.026 -0.064 -0.044 -0.105
0.192 -0.198 0.027 -0.147 0.018 0.073
0.428 -0.473 0.144 -0.233 -0.02 0.414
-0.077 -0.272 -0.065 0.007 -0.005 0.343
-0.026 -0.339 -0.092 -0.038 -0.036 0.331
0.146 0.002 0.051 0.022 -0.031 0.177
0.088 -0.153 0.019 0.015 -0.016 0.203
0.113 -0.156 -0.015 0.001 -0.034 0.141
0.125 -0.133 -0.036 -0.001 -0.022 0.103
0.138 -0.128 -0.039 -0.002 -0.014 0.079
0.199 -0.112 -0.002 -0.004 0.002 0.065
0.226 -0.107 -0.027 0.011 0.002 0.046
0.224 -0.102 0.006 0.034 0.003 0.02
0.193 -0.089 0.014 0.07 -0.003 -0.016
0.24 -0.011 0.034 0.093 0.006 -0.011
0.215 -0.017 0.022 0.148 0.005 -0.003
0.189 0.02 -0.025 0.129 0.022 -0.019
0.189 0.055 -0.034 0.066 0.044 0.028
-0.113 -0.455 -0.086 -0.129 -0.05 0.193
0.402 0.06 0.297 -0.31 0.075 0.16
0.154 -0.462 0.141 -0.164 -0.11 0.508
-0.114 0.047 0.079 -0.03 -0.005 0.279
0.069 -0.205 0.005 0.005 -0.008 0.29
0.09 -0.141 -0.018 0.007 -0.026 0.208
0.114 -0.16 -0.031 0.008 -0.029 0.155
0.102 -0.146 0.003 0.015 -0.02 0.116
0.152 -0.12 -0.043 0.011 -0.014 0.085
0.223 -0.082 -0.02 0.016 0.01 0.064
0.245 -0.105 -0.027 0.015 0.011 0.045
0.232 -0.107 0.017 0.04 0.012 0.026
0.207 -0.084 0.041 0.069 0.004 -0.005
0.243 -0.016 0.051 0.09 0.015 -0.001
0.219 -0.026 0.004 0.14 0.015 0.044
0.161 -0.112 0.005 0.126 0.016 0.07
0.234 -0.039 -0.051 0.011 0.022 0.056
0.216 0.139 -0.038 -0.13 0.006 0.036
0.093 0.373 -0.044 -0.026 0.003 0.146
0.003 0.236 -0.065 -0.008 0.013 0.198
0.184 -0.06 -0.135 -0.017 -0.017 0.345
0.291 -0.084 0.055 -0.079 -0.041 0.221
0.332 0.208 -0.041 0.008 -0.036 0.099
0.223 0.105 0.054 0.082 -0.011 0.163
0.199 0.035 0.034 0.085 -0.026 0.113
0.228 -0.018 -0.007 0.068 -0.039 0.05
0.184 0.018 0.014 0.041 0.013 -0.065
0.134 -0.082 0.024 0.019 -0.033 -0.065
0.102 -0.151 0.003 -0.025 -0.036 -0.12
0.029 -0.153 0.042 -0.018 -0.017 -0.2
0.016 -0.107 0.031 -0.052 0.011 -0.3
0.027 -0.017 -0.026 -0.049 0.002 -0.353
0.024 -0.08 -0.026 -0.019 -0.001 -0.357
0.033 -0.178 -0.077 -0.012 -0.018 -0.382
0.009 -0.038 -0.011 0.016 -0.035 -0.453
0.07 -0.097 -0.058 0.051 -0.029 -0.401
0.093 -0.177 -0.015 0.008 -0.039 -0.38
0.213 -0.259 0.013 0.054 -0.028 -0.356
0.225 -0.2 -0.093 0.066 -0.054 -0.242
0.086 -0.237 -0.007 0.011 -0.017 -0.052
0.057 -0.263 -0.06 -0.054 -0.007 0.039
0.2 -0.319 -0.042 -0.265 0.024 0.167
0.633 -0.206 0.313 -0.187 -0.0 0.448
-0.081 -0.401 -0.114 -0.027 -0.046 0.37
0.092 0.011 -0.026 -0.021 -0.011 0.237
0.151 -0.068 -0.029 0.022 -0.008 0.222
0.088 -0.161 0.042 0.041 0.004 0.2
0.071 -0.227 -0.002 0.015 -0.016 0.122
0.077 -0.252 -0.074 0.002 -0.027 0.109
0.177 -0.059 -0.045 0.005 -0.02 0.06
0.215 -0.108 0.015 0.008 0.009 0.055
0.244 -0.121 -0.035 0.017 0.014 0.025
0.222 -0.07 0.003 0.06 0.008 -0.003
0.214 -0.023 -0.001 0.104 0.005 0.0
0.217 -0.145 0.045 0.134 0.017 0.117
0.153 -0.226 0.042 0.142 0.007 0.073
0.193 -0.047 -0.021 0.115 0.041 0.017
0.277 0.023 -0.024 -0.09 0.034 0.034
0.144 0.336 -0.092 -0.081 0.004 0.026
-0.031 0.305 -0.087 -0.009 0.037 0.204
0.21 0.048 -0.081 -0.016 0.0 0.356
0.254 -0.142 -0.027 -0.153 -0.029 0.292
0.345 0.248 -0.042 -0.044 -0.046 0.109
0.238 0.201 0.008 0.049 -0.006 0.17
0.22 -0.034 0.017 0.081 -0.032 0.168
0.19 -0.021 0.028 0.069 -0.018 0.097
0.241 0.025 -0.026 0.059 -0.075 -0.006
0.174 -0.019 0.031 0.069 -0.048 0.082
0.125 -0.111 0.028 0.225 -0.078 -0.391
0.072 -0.164 0.014 -0.024 -0.043 -0.149
0.032 -0.1 0.047 -0.015 -0.026 -0.252
0.03 -0.065 0.038 -0.043 -0.014 -0.301
0.025 -0.076 0.016 -0.061 -0.007 -0.333
0.027 -0.064 0.029 -0.094 -0.029 -0.353
0.012 -0.096 0.05 -0.043 -0.005 -0.407
0.071 -0.022 -0.049 -0.047 -0.037 -0.441
0.132 -0.048 -0.063 -0.068 -0.041 -0.416
0.108 -0.038 0.055 0.08 0.0 -0.372
0.201 -0.225 -0.125 -0.049 -0.007 -0.303
0.228 -0.516 -0.231 -0.083 -0.062 -0.193
0.039 -0.047 0.034 -0.017 0.014 -0.004
0.054 -0.12 -0.156 -0.101 0.031 0.101
0.334 -0.013 0.083 -0.361 0.068 0.148
0.069 -0.464 0.088 -0.214 -0.077 0.441
-0.157 -0.229 0.06 -0.027 -0.004 0.314
0.096 -0.114 -0.128 0.014 -0.015 0.245
0.09 -0.092 -0.037 0.015 -0.032 0.224
0.084 -0.188 0.006 -0.01 -0.035 0.198
0.109 -0.107 -0.011 0.007 -0.038 0.134
0.118 -0.121 -0.027 0.004 -0.037 0.108
0.138 -0.14 -0.027 0.005 -0.026 0.083
0.181 -0.119 -0.006 -0.004 -0.009 0.065
0.204 -0.114 -0.031 0.022 -0.004 0.048
0.191 -0.173 0.009 0.052 0.001 0.059
0.15 -0.217 -0.02 0.088 -0.003 0.067
0.159 -0.278 0.058 0.121 0.003 0.105
0.123 -0.233 0.034 0.169 0.002 0.056
0.253 -0.038 -0.045 0.119 0.037 -0.001
0.32 0.054 -0.04 -0.142 0.015 -0.002
0.16 0.607 -0.122 0.023 0.004 -0.036
-0.133 0.193 -0.094 -0.128 -0.006 0.324
0.231 -0.119 -0.055 -0.109 -0.039 0.388
0.48 0.196 0.032 -0.014 -0.08 0.209
0.29 0.217 0.042 0.121 -0.018 0.219
0.214 0.203 0.004 0.117 0.001 0.259
0.206 0.024 0.078 0.123 -0.03 0.267
0.249 -0.127 -0.001 0.022 -0.028 0.188
0.239 -0.06 -0.032 0.06 -0.022 0.055
0.142 0.02 0.004 0.047 -0.027 -0.055
0.08 -0.059 0.029 0.043 -0.033 -0.048
0.036 -0.201 -0.009 0.014 -0.041 -0.134
0.002 -0.177 0.035 0.015 -0.031 -0.262
-0.005 -0.06 0.022 -0.006 -0.026 -0.351
0.013 -0.039 0.022 -0.039 -0.038 -0.377
0.005 -0.019 0.065 -0.053 -0.031 -0.41
0.026 -0.062 0.014 -0.034 -0.038 -0.447
0.087 -0.007 0.065 -0.065 -0.042 -0.441
0.108 -0.374 0.014 -0.117 -0.013 -0.389
0.127 0.115 -0.008 -0.026 0.032 -0.475
0.121 -0.083 -0.076 0.083 0.009 -0.329
0.293 -0.465 -0.034 0.085 -0.033 -0.221
0.218 -0.414 -0.043 -0.003 -0.019 -0.169
0.013 -0.035 0.198 -0.009 0.022 -0.074
0.265 -0.144 0.031 -0.202 0.059 0.103
0.143 -0.46 0.088 -0.162 -0.048 0.314
-0.032 -0.315 -0.038 -0.045 -0.017 0.304
0.005 -0.264 -0.029 -0.023 -0.024 0.276
0.115 -0.074 0.012 0.006 -0.031 0.164
0.105 -0.091 -0.031 0.005 -0.026 0.177
0.113 -0.12 0.007 0.005 -0.029 0.138
0.126 -0.125 -0.009 0.004 -0.024 0.107
0.119 -0.12 -0.014 0.003 -0.015 0.084
0.154 -0.133 -0.014 0.002 -0.008 0.052
0.188 -0.131 0.003 0.016 0.012 0.039
0.221 -0.095 -0.012 0.035 0.012 0.011
0.206 -0.084 0.011 0.063 0.011 -0.012
0.213 -0.037 0.012 0.096 0.014 -0.024
0.244 0.008 0.034 0.115 0.023 0.002
0.219 0.016 -0.018 0.147 0.023 0.022
0.153 -0.067 0.002 0.145 0.02 0.065
0.198 -0.034 -0.033 0.067 0.012 0.102
0.141 0.058 0.016 -0.026 0.028 0.073
0.169 0.32 -0.075 0.02 -0.001 0.053
0.031 0.193 -0.032 0.008 0.026 0.138
0.086 0.082 -0.059 0.005 0.018 0.191
0.157 -0.109 -0.026 -0.105 -0.006 0.169
0.22 0.122 -0.004 -0.077 -0.026 0.016
0.16 0.129 -0.018 -0.007 -0.001 0.046
0.122 0.053 0.013 0.005 0.002 0.021
0.12 0.054 0.009 -0.014 0.013 -0.038
