0.125 -0.009 0.02 -0.005 0.001 0.006
0.124 -0.005 0.019 -0.004 0.001 0.004
0.122 -0.003 0.017 -0.005 -0.001 0.004
0.124 -0.011 0.021 -0.002 -0.0 0.004
0.124 -0.013 0.02 -0.0 0.004 0.001
0.124 -0.006 0.022 -0.002 0.003 0.0
0.129 -0.006 -0.002 0.002 0.001 -0.005
0.122 -0.002 0.02 -0.002 0.001 0.003
0.123 -0.005 0.021 -0.003 -0.001 0.004
0.124 -0.011 0.019 -0.005 0.0 -0.001
0.122 -0.006 0.024 -0.001 -0.001 0.0
0.121 -0.004 0.025 -0.003 0.002 0.004
0.124 -0.005 0.024 -0.002 0.002 0.003
0.125 -0.005 0.02 -0.004 -0.0 0.002
0.125 -0.01 0.02 -0.004 -0.0 0.003
0.124 -0.011 0.024 -0.003 -0.001 -0.001
0.124 -0.008 0.02 -0.003 -0.001 -0.002
0.123 -0.006 0.024 -0.004 0.001 -0.001
0.123 -0.012 0.024 -0.002 -0.0 -0.0
0.123 -0.01 0.026 -0.0 -0.0 -0.004
0.123 -0.009 0.021 0.001 -0.002 -0.004
0.122 -0.006 0.021 0.001 -0.002 -0.005
0.123 -0.006 0.022 -0.002 -0.004 -0.004
0.123 -0.003 0.018 -0.001 -0.002 -0.003
0.125 -0.008 0.021 -0.001 -0.002 -0.003
0.125 -0.006 0.021 0.0 -0.001 -0.004
0.123 -0.003 0.021 -0.003 -0.0 -0.005
0.124 -0.007 0.024 0.0 0.0 -0.004
0.126 -0.01 0.025 -0.002 -0.002 -0.003
0.125 -0.004 0.023 0.0 -0.001 -0.005
0.125 -0.004 0.02 -0.002 -0.001 -0.002
0.125 -0.006 0.022 -0.0 0.001 0.0
0.125 -0.005 0.024 0.0 -0.003 -0.005
0.124 -0.006 0.023 -0.001 -0.002 -0.003
0.123 -0.005 0.021 -0.001 -0.001 -0.005
0.124 -0.004 0.022 -0.002 -0.004 -0.008
0.124 -0.006 0.02 0.001 -0.001 -0.007
0.126 -0.007 0.021 -0.002 -0.0 -0.01
0.121 -0.002 0.02 -0.001 -0.001 -0.009
0.124 -0.006 0.022 0.001 0.0 -0.009
0.126 -0.006 0.022 -0.002 -0.0 -0.011
0.123 -0.001 0.019 -0.001 -0.002 -0.012
0.123 0.0 0.02 -0.002 0.001 -0.013
0.126 -0.004 0.008 -0.003 0.001 -0.01
0.122 0.0 0.024 -0.003 0.003 -0.011
0.123 0.001 0.035 -0.007 -0.001 -0.007
0.118 -0.007 0.044 0.001 0.001 -0.014
0.119 0.001 0.033 0.0 -0.002 -0.013
0.123 0.012 0.024 0.001 -0.004 -0.008
0.123 0.002 0.018 -0.001 -0.002 -0.004
0.125 0.001 0.015 0.0 -0.0 -0.004
0.125 0.009 0.016 0.001 0.001 -0.005
0.125 0.003 0.022 0.002 0.002 -0.002
0.124 0.006 0.024 0.0 0.001 -0.002
0.122 0.009 0.021 -0.002 0.002 -0.0
0.125 -0.005 0.024 0.004 0.002 0.0
0.122 -0.006 0.027 0.006 0.011 -0.008
0.122 -0.002 0.031 0.006 0.003 -0.005
0.126 0.005 0.028 0.005 -0.0 -0.008
0.121 0.01 0.031 0.001 -0.001 -0.007
0.12 0.01 0.025 0.001 -0.006 -0.003
0.12 0.009 0.028 -0.001 -0.001 0.004
0.124 0.008 0.016 -0.002 0.0 0.003
0.135 -0.0 0.02 -0.004 -0.0 -0.001
0.124 -0.005 0.023 0.003 0.003 -0.001
0.123 0.002 0.026 -0.003 -0.0 -0.003
0.124 0.009 0.028 -0.004 0.001 -0.0
0.124 0.004 0.023 -0.002 -0.001 0.004
0.126 0.001 0.021 0.001 -0.001 0.006
0.122 0.013 0.017 0.001 0.002 0.002
0.124 0.005 0.025 0.005 -0.002 0.003
0.127 -0.002 0.027 0.003 -0.002 0.003
0.119 0.014 0.027 0.003 0.001 0.001
0.122 0.008 0.02 -0.001 -0.002 -0.002
0.123 0.0 0.02 0.001 0.0 -0.003
0.126 0.003 0.02 -0.0 0.002 -0.002
0.121 0.01 0.021 0.001 -0.0 -0.004
0.123 0.005 0.026 -0.002 0.0 0.0
0.138 -0.01 0.008 -0.005 0.004 -0.001
0.123 0.01 0.023 -0.001 -0.003 -0.009
0.163 0.003 0.015 0.002 0.028 -0.007
0.138 0.038 0.023 -0.002 0.025 -0.003
0.135 0.016 0.024 -0.004 0.003 -0.001
0.13 -0.001 0.021 -0.004 0.001 0.005
0.118 0.018 0.017 -0.003 -0.001 0.001
0.122 0.003 0.026 -0.002 0.0 -0.005
0.122 0.011 0.025 -0.001 -0.0 0.001
0.123 0.003 0.028 0.001 -0.002 0.004
0.123 -0.002 0.03 0.001 -0.003 0.0
0.123 0.0 0.026 0.003 -0.002 -0.003
0.127 0.011 0.024 0.003 -0.003 -0.002
0.124 0.009 0.023 0.004 -0.004 -0.0
0.123 0.007 0.02 0.003 0.0 -0.002
0.123 0.005 0.022 0.001 0.001 -0.005
0.125 0.002 0.024 0.001 -0.0 -0.004
0.123 0.007 0.026 0.003 0.0 -0.004
0.121 0.011 0.027 -0.001 0.001 -0.003
0.122 0.018 0.016 -0.001 -0.001 0.002
0.125 -0.002 0.024 -0.001 0.002 0.001
0.122 0.008 0.023 0.001 -0.001 -0.001
0.123 0.007 0.025 0.003 -0.001 0.001
0.122 0.003 0.027 0.001 -0.001 0.001
0.124 0.005 0.025 -0.002 0.0 -0.003
0.123 0.014 0.029 -0.004 -0.001 -0.004
0.122 0.009 0.022 -0.002 0.001 -0.004
0.123 0.009 0.021 -0.003 0.002 0.004
0.124 0.0 0.028 -0.001 0.0 0.003
0.124 0.006 0.025 0.001 -0.001 0.001
0.124 0.008 0.024 -0.003 0.001 0.002
0.124 0.004 0.029 -0.005 -0.002 -0.001
0.121 0.007 0.03 -0.001 -0.003 -0.002
0.121 0.002 0.032 -0.002 -0.0 -0.004
0.125 -0.0 0.029 -0.001 -0.0 -0.003
0.122 0.009 0.027 -0.003 -0.001 -0.002
0.123 0.008 0.026 -0.0 -0.001 0.0
0.123 0.007 0.026 -0.0 -0.002 0.001
0.125 0.007 0.027 -0.001 -0.002 0.002
0.124 0.006 0.026 0.001 -0.004 0.001
0.122 0.007 0.027 -0.0 -0.003 0.003
0.123 0.007 0.026 -0.001 -0.003 0.004
0.123 0.006 0.023 -0.003 -0.002 0.003
0.123 -0.001 0.026 -0.004 -0.0 0.002
0.125 -0.005 0.03 0.002 -0.002 -0.006
0.125 0.014 0.023 -0.007 -0.002 -0.009
0.125 0.014 0.014 0.002 -0.004 -0.008
0.122 0.009 0.023 0.006 -0.004 -0.003
0.124 0.007 0.021 0.005 -0.005 -0.004
0.123 0.007 0.02 -0.0 -0.007 0.0
0.122 0.016 0.021 -0.004 -0.005 -0.001
0.125 0.014 0.025 -0.005 -0.003 0.003
0.12 0.012 0.024 0.002 -0.003 0.005
0.125 0.008 0.022 0.001 -0.001 0.007
0.125 0.004 0.02 -0.001 -0.001 0.003
0.123 0.01 0.021 -0.004 -0.002 0.009
0.123 0.004 0.028 -0.008 -0.003 0.008
0.122 -0.003 0.034 -0.001 -0.004 0.007
0.125 0.005 0.034 0.001 -0.005 0.003
0.126 0.024 0.024 -0.002 -0.005 0.011
0.126 -0.0 0.03 0.0 -0.002 0.014
0.122 -0.018 0.012 -0.012 -0.008 0.017
0.124 0.001 0.024 -0.01 -0.005 0.005
0.131 0.006 0.032 0.003 -0.006 -0.001
0.133 0.007 0.02 0.003 -0.005 0.003
0.12 0.019 0.033 0.003 -0.003 -0.008
0.141 -0.001 0.02 -0.001 -0.004 0.008
0.119 0.007 0.025 -0.005 -0.009 -0.002
0.118 -0.001 0.046 -0.001 -0.006 -0.008
0.123 -0.005 0.012 -0.006 -0.004 0.004
0.125 0.007 0.018 -0.008 -0.007 -0.005
0.119 0.0 0.015 -0.001 -0.004 -0.002
0.122 -0.012 -0.003 0.001 -0.008 -0.003
0.124 -0.009 -0.006 -0.001 -0.005 -0.004
0.124 -0.007 -0.01 -0.001 -0.006 -0.008
0.124 -0.003 -0.011 -0.001 -0.008 -0.003
0.125 -0.0 -0.016 -0.004 -0.007 -0.002
0.125 -0.013 -0.003 -0.002 -0.005 -0.001
0.125 -0.011 -0.003 -0.002 -0.005 -0.007
0.125 -0.001 -0.007 -0.002 -0.006 -0.009
0.123 0.005 -0.017 -0.011 -0.004 -0.005
0.123 0.007 -0.024 -0.015 -0.007 0.002
0.124 -0.009 -0.012 -0.008 -0.002 0.005
0.127 -0.013 -0.002 -0.004 -0.001 -0.001
0.126 -0.01 0.005 -0.004 -0.004 -0.002
0.125 -0.005 -0.004 -0.004 -0.006 -0.003
0.124 -0.001 -0.014 -0.006 -0.008 0.001
0.123 -0.001 -0.015 -0.006 -0.006 0.004
0.123 -0.002 -0.015 -0.008 -0.003 0.001
0.125 -0.011 -0.01 -0.006 -0.0 0.004
0.125 -0.01 -0.008 -0.006 -0.0 0.002
0.125 -0.003 -0.006 -0.005 0.0 0.001
0.125 0.0 -0.013 -0.006 -0.0 0.001
0.123 -0.002 -0.014 -0.01 -0.001 0.004
0.124 -0.008 -0.015 -0.008 0.003 0.009
0.13 0.001 -0.028 -0.013 0.002 0.01
0.121 -0.002 -0.004 -0.016 0.003 0.01
0.122 0.005 -0.012 -0.017 0.003 0.017
0.123 0.005 -0.025 -0.026 0.005 0.021
0.124 -0.005 -0.021 -0.033 0.01 0.028
0.126 -0.017 -0.005 -0.027 0.01 0.026
0.127 -0.015 0.007 -0.021 0.007 0.022
0.125 -0.028 0.008 -0.019 0.005 0.017
0.125 -0.029 0.005 -0.01 0.006 0.01
0.124 -0.024 -0.005 -0.005 0.002 0.003
0.124 -0.016 -0.004 -0.002 0.003 0.0
0.123 -0.018 0.006 0.004 -0.004 -0.001
0.123 -0.026 0.016 0.012 -0.009 -0.005
0.125 -0.014 -0.011 0.01 -0.004 -0.011
0.126 -0.0 -0.031 0.003 0.001 -0.01
0.125 -0.004 -0.02 0.0 0.003 -0.001
0.125 -0.015 -0.01 0.001 0.006 -0.002
0.125 -0.009 -0.005 0.001 0.005 -0.004
0.125 -0.002 -0.003 0.001 0.003 0.002
0.123 -0.009 -0.003 -0.004 0.002 0.002
0.124 -0.013 -0.003 -0.0 -0.0 0.003
0.124 -0.011 0.002 -0.001 0.003 -0.002
0.126 -0.008 -0.01 -0.004 0.004 -0.0
0.124 -0.002 -0.009 -0.005 0.004 0.003
0.124 -0.01 -0.001 -0.005 0.003 0.01
0.126 -0.018 -0.004 -0.0 0.006 0.007
0.125 -0.018 -0.002 0.0 0.002 0.0
0.124 -0.016 -0.001 0.001 0.002 0.005
0.125 -0.013 -0.003 0.002 0.004 0.003
0.125 -0.013 -0.004 -0.0 0.001 0.002
0.125 -0.019 -0.004 -0.001 0.0 0.002
0.124 -0.022 -0.005 0.0 0.002 -0.004
0.125 -0.02 -0.003 -0.003 0.003 -0.012
0.123 -0.015 -0.002 -0.002 0.003 -0.011
0.124 -0.013 0.002 -0.003 0.004 -0.013
0.125 -0.014 -0.001 -0.004 0.002 -0.014
0.124 -0.016 0.001 -0.005 0.004 -0.017
0.126 -0.015 -0.003 -0.007 0.002 -0.019
0.127 -0.013 -0.004 -0.006 0.002 -0.022
0.123 -0.016 0.0 -0.003 0.001 -0.026
0.123 -0.016 -0.0 -0.001 0.001 -0.03
0.126 -0.008 0.003 0.001 0.001 -0.036
0.125 -0.01 0.003 0.001 -0.0 -0.035
0.124 -0.008 0.008 0.002 -0.003 -0.039
0.122 -0.002 0.008 0.004 -0.003 -0.039
0.123 -0.002 0.007 0.007 -0.002 -0.038
0.126 0.004 0.002 0.01 -0.008 -0.038
0.126 0.005 -0.002 0.018 -0.007 -0.037
0.126 0.011 -0.011 0.018 -0.004 -0.033
0.125 0.02 -0.013 0.013 -0.007 -0.026
0.126 0.022 -0.015 0.013 -0.004 -0.021
0.122 0.02 -0.006 0.01 -0.002 -0.02
0.123 0.024 -0.005 0.011 -0.002 -0.01
0.124 0.018 -0.005 0.004 -0.002 -0.007
0.124 0.012 -0.006 0.002 -0.004 -0.002
0.124 0.009 -0.004 0.001 -0.006 -0.005
0.124 0.014 -0.008 0.0 -0.007 -0.004
0.124 0.016 -0.004 0.001 -0.005 -0.002
0.126 0.014 -0.002 -0.001 -0.004 0.003
0.126 0.008 -0.004 0.002 -0.003 0.001
0.126 0.008 -0.003 -0.001 -0.005 -0.0
0.126 0.011 -0.006 -0.001 -0.004 -0.001
0.125 0.012 -0.005 -0.001 -0.005 -0.002
0.124 0.014 -0.006 0.001 -0.003 -0.002
0.124 0.016 -0.004 -0.001 -0.002 0.001
0.125 0.012 -0.005 0.0 -0.007 0.003
0.126 0.011 -0.004 -0.001 -0.005 0.003
0.125 0.009 -0.006 -0.001 -0.004 0.0
0.124 0.014 -0.006 -0.002 -0.005 0.001
0.124 0.013 -0.004 0.0 -0.004 0.005
0.124 0.012 -0.005 -0.002 -0.003 0.002
0.123 0.012 -0.006 -0.003 -0.004 0.002
0.125 0.014 -0.005 -0.004 -0.003 0.002
0.126 0.011 -0.006 -0.002 -0.004 0.004
0.125 0.012 -0.007 -0.002 -0.005 0.008
0.124 0.01 -0.005 -0.0 -0.003 0.009
0.125 0.011 -0.003 -0.002 -0.005 0.009
0.127 0.008 -0.004 -0.003 -0.004 0.007
0.124 0.007 -0.008 -0.001 -0.003 0.009
0.125 0.005 -0.005 0.0 -0.004 0.008
0.125 0.006 -0.003 -0.0 -0.005 0.005
0.126 0.009 -0.006 -0.002 -0.004 0.004
0.125 0.004 -0.008 -0.002 -0.004 0.005
0.124 0.003 -0.009 -0.002 -0.005 -0.0
0.125 0.005 -0.007 -0.0 -0.003 0.002
0.126 0.006 -0.006 -0.001 -0.006 -0.001
0.125 0.006 -0.008 0.0 -0.004 0.001
0.123 0.009 -0.009 0.001 -0.002 -0.001
0.126 0.01 -0.007 0.001 -0.003 0.002
0.125 0.011 -0.007 -0.001 -0.004 0.002
0.125 0.007 -0.011 0.0 -0.002 0.004
0.125 0.009 -0.008 -0.0 -0.002 0.003
0.123 0.012 -0.007 0.0 -0.002 0.006
0.124 0.014 -0.006 0.001 -0.002 0.01
0.122 0.013 -0.003 -0.001 -0.001 0.016
0.123 0.008 -0.009 -0.0 -0.004 0.017
0.124 -0.0 -0.01 -0.001 -0.001 0.018
0.124 -0.004 -0.006 -0.001 -0.003 0.013
0.125 0.0 -0.004 0.0 -0.002 0.012
0.125 0.0 -0.006 0.0 -0.004 0.008
0.126 -0.0 -0.008 -0.002 -0.003 0.009
0.125 -0.003 -0.005 -0.002 -0.003 0.006
0.125 -0.003 -0.007 -0.0 -0.004 0.0
0.126 -0.001 -0.006 -0.0 -0.004 0.001
0.124 0.002 -0.008 0.001 -0.003 0.001
0.125 0.004 -0.009 0.001 -0.005 0.004
0.125 0.005 -0.009 -0.0 -0.002 0.005
0.125 0.007 -0.012 0.001 -0.003 0.007
0.123 0.007 -0.008 0.001 0.002 0.012
0.124 0.01 -0.012 0.001 -0.001 0.018
0.125 0.01 -0.009 0.001 0.0 0.021
0.125 0.004 -0.006 0.001 0.002 0.027
0.125 -0.001 -0.005 0.002 -0.001 0.029
0.124 0.0 -0.005 0.003 -0.003 0.031
0.123 0.001 -0.003 0.004 -0.0 0.033
0.123 -0.02 -0.013 0.005 -0.002 0.035
0.125 -0.026 -0.025 0.001 -0.002 0.023
0.127 -0.022 0.0 0.001 0.003 0.014
0.125 -0.026 0.0 -0.0 -0.001 0.006
0.123 -0.016 0.0 -0.002 -0.002 0.004
0.124 -0.014 -0.008 -0.003 -0.002 -0.001
0.126 -0.018 -0.008 -0.0 -0.001 -0.004
0.124 -0.015 -0.005 -0.002 -0.0 -0.007
0.124 -0.013 -0.005 -0.002 0.0 -0.008
0.125 -0.013 -0.005 -0.002 -0.002 -0.01
0.124 -0.009 -0.006 -0.001 -0.003 -0.011
0.124 -0.009 -0.009 -0.002 -0.002 -0.01
0.125 0.007 -0.008 -0.005 -0.005 -0.004
0.124 0.004 -0.008 -0.003 -0.002 0.001
0.124 0.003 -0.007 -0.003 -0.005 0.002
0.125 0.0 -0.007 -0.001 -0.0 -0.002
0.125 -0.001 -0.006 -0.001 -0.002 -0.004
0.126 0.001 -0.008 -0.001 -0.0 -0.005
0.125 0.004 -0.005 -0.002 0.0 -0.006
0.122 0.007 -0.008 -0.001 -0.004 -0.005
0.125 0.004 -0.008 -0.003 -0.004 -0.001
0.125 0.004 -0.008 -0.004 -0.004 -0.003
0.126 0.005 -0.009 -0.002 -0.003 -0.002
0.125 0.002 -0.008 -0.001 -0.004 -0.001
0.126 0.004 -0.006 -0.003 -0.004 -0.004
0.123 0.003 -0.008 -0.001 -0.002 -0.005
0.127 0.005 -0.01 -0.002 -0.002 -0.005
0.125 0.003 -0.009 -0.003 -0.002 -0.006
0.123 0.006 -0.01 -0.001 -0.002 -0.003
0.125 0.007 -0.008 -0.001 -0.003 -0.003
0.123 0.007 -0.008 -0.002 -0.002 -0.001
0.124 0.009 -0.009 -0.001 -0.003 -0.0
0.123 0.005 -0.009 -0.002 -0.003 0.003
0.124 0.007 -0.008 -0.001 -0.003 0.002
0.124 0.007 -0.009 -0.004 -0.003 0.003
0.126 0.005 -0.011 -0.001 -0.001 -0.0
0.127 0.004 -0.01 -0.003 -0.002 0.003
0.125 0.002 -0.009 -0.003 -0.001 0.0
0.127 -0.003 -0.009 -0.004 -0.002 -0.0
0.124 0.006 -0.007 -0.003 -0.002 0.001
0.124 0.009 -0.008 -0.004 0.0 0.004
0.125 0.004 -0.01 -0.003 0.001 0.006
0.122 0.004 -0.009 -0.003 -0.002 0.002
0.124 0.007 -0.009 -0.002 0.0 0.002
0.124 0.002 -0.008 -0.002 -0.0 0.003
0.125 0.003 -0.01 -0.002 0.002 0.003
0.124 0.005 -0.007 -0.003 -0.003 0.003
0.125 0.003 -0.009 -0.002 0.0 0.006
0.125 0.0 -0.008 -0.002 -0.003 0.002
0.125 0.001 -0.007 -0.001 -0.0 -0.001
0.126 0.0 -0.009 -0.001 -0.0 -0.001
0.124 0.002 -0.008 -0.001 -0.002 0.001
0.126 0.001 -0.009 -0.001 -0.002 0.001
0.126 0.004 -0.008 0.0 -0.002 -0.0
0.125 0.003 -0.008 -0.002 -0.001 -0.003
0.124 0.003 -0.008 -0.002 -0.005 -0.001
0.125 0.002 -0.009 -0.002 -0.001 -0.003
0.125 0.004 -0.008 -0.001 -0.002 -0.004
0.125 0.003 -0.008 -0.001 -0.001 -0.003
0.124 0.006 -0.008 0.0 -0.002 -0.001
0.125 0.005 -0.009 0.002 -0.001 -0.002
0.125 0.003 -0.009 -0.001 -0.001 -0.001
0.124 0.004 -0.009 0.001 -0.001 -0.002
0.124 0.007 -0.006 -0.003 -0.001 -0.0
0.125 0.005 -0.007 -0.002 -0.001 0.001
0.123 0.004 -0.007 -0.002 -0.002 0.0
0.126 0.002 -0.009 -0.001 -0.003 -0.001
0.124 0.001 -0.01 0.001 -0.003 0.004
0.125 0.001 -0.01 -0.001 -0.001 0.001
0.125 0.004 -0.007 -0.002 -0.006 0.002
0.124 0.004 -0.011 0.0 -0.003 -0.0
0.125 -0.001 -0.009 -0.001 -0.002 0.001
0.123 0.006 -0.01 -0.002 -0.001 -0.002
0.124 0.005 -0.01 -0.005 -0.001 -0.001
0.125 0.006 -0.012 -0.002 -0.0 0.001
0.126 0.005 -0.009 -0.002 -0.002 0.001
0.125 -0.0 -0.007 -0.0 -0.003 0.001
0.124 0.001 -0.008 -0.0 -0.002 0.001
0.124 0.003 -0.01 0.0 -0.003 0.002
0.125 0.007 -0.01 -0.001 -0.002 0.003
0.124 0.006 -0.008 -0.002 -0.002 0.007
0.126 0.0 -0.011 0.001 -0.002 0.005
0.124 0.003 -0.011 0.001 0.0 0.004
0.125 0.002 -0.011 0.001 0.002 0.005
0.125 0.001 -0.007 -0.001 0.001 0.001
0.125 0.003 -0.008 0.0 -0.0 0.004
0.126 0.003 -0.007 0.001 -0.0 0.003
0.124 0.002 -0.01 0.001 -0.001 0.003
0.125 0.002 -0.009 0.001 0.002 0.002
0.126 0.003 -0.009 0.002 -0.0 0.005
0.126 -0.0 -0.01 0.002 -0.0 0.005
0.124 0.0 -0.009 -0.001 0.0 0.006
0.126 0.002 -0.008 -0.002 -0.0 0.005
0.127 -0.0 -0.007 -0.003 -0.001 0.003
0.124 0.0 -0.008 -0.002 -0.002 0.006
0.124 0.0 -0.01 -0.002 -0.001 0.005
0.125 -0.001 -0.01 -0.001 -0.004 0.003
0.125 -0.002 -0.007 0.0 -0.003 0.007
0.125 -0.003 -0.007 0.0 -0.003 0.001
0.126 -0.0 -0.008 -0.002 -0.005 0.002
0.124 0.002 -0.008 -0.002 -0.002 0.001
0.126 0.002 -0.01 -0.001 -0.001 0.003
0.123 -0.001 -0.008 -0.002 -0.001 0.005
0.124 -0.001 -0.009 -0.004 -0.001 0.003
0.125 -0.001 -0.01 -0.002 0.0 0.006
0.125 0.004 -0.01 -0.0 -0.002 0.007
0.125 0.0 -0.004 -0.001 -0.003 0.008
0.125 -0.004 -0.009 -0.002 -0.004 0.006
0.124 -0.005 -0.008 0.001 -0.004 0.005
0.124 -0.002 -0.011 -0.001 -0.003 0.005
0.125 0.001 -0.013 -0.002 -0.003 0.004
0.125 -0.003 -0.007 -0.001 -0.002 0.005
0.126 -0.006 -0.005 -0.003 -0.004 0.004
0.126 -0.005 -0.008 -0.001 -0.004 0.003
0.124 -0.004 -0.011 -0.002 -0.004 0.004
0.125 -0.001 -0.012 -0.001 -0.005 0.002
0.125 -0.002 -0.008 -0.001 -0.002 0.004
0.126 -0.003 -0.01 -0.004 -0.004 0.002
0.126 -0.003 -0.01 -0.001 -0.006 0.005
0.125 -0.004 -0.011 -0.003 -0.002 0.001
0.124 -0.004 -0.01 -0.001 -0.005 -0.0
0.124 -0.005 -0.012 -0.006 -0.002 0.001
0.124 -0.003 -0.011 -0.003 -0.004 0.001
0.124 -0.002 -0.013 -0.004 -0.004 0.001
0.126 -0.003 -0.011 -0.003 -0.005 0.002
0.124 -0.006 -0.01 -0.0 -0.005 0.005
0.124 -0.007 -0.009 -0.003 -0.004 0.001
0.123 -0.006 -0.012 -0.001 -0.005 0.002
0.124 -0.005 -0.013 -0.001 -0.004 0.001
0.125 -0.004 -0.01 -0.002 -0.003 -0.0
0.124 -0.005 -0.013 -0.003 -0.005 0.0
0.125 -0.006 -0.013 -0.002 -0.003 0.001
0.125 -0.003 -0.012 -0.004 -0.003 0.003
0.123 -0.005 -0.013 -0.001 -0.002 0.004
0.125 -0.005 -0.012 -0.004 -0.003 0.001
0.124 -0.006 -0.012 -0.002 -0.002 -0.001
0.124 -0.005 -0.013 -0.001 -0.003 0.001
0.125 -0.004 -0.013 -0.001 -0.005 -0.001
0.124 -0.006 -0.013 -0.002 -0.001 0.004
0.124 -0.004 -0.012 -0.001 -0.005 0.0
0.124 -0.004 -0.014 -0.002 -0.0 0.0
0.125 -0.006 -0.014 -0.001 -0.003 0.001
0.125 -0.005 -0.013 -0.003 -0.001 0.001
0.124 -0.004 -0.014 -0.002 -0.003 0.004
0.124 -0.006 -0.013 0.0 -0.003 0.002
0.124 -0.008 -0.012 -0.001 -0.005 0.004
0.123 -0.005 -0.012 -0.001 -0.001 0.001
0.125 -0.006 -0.013 -0.002 -0.004 0.004
0.123 -0.005 -0.014 -0.001 -0.003 0.003
0.125 -0.005 -0.012 -0.004 -0.002 0.002
0.123 -0.007 -0.014 -0.004 -0.0 0.002
0.124 -0.006 -0.012 -0.001 -0.003 -0.0
0.125 -0.008 -0.012 -0.001 -0.002 -0.0
0.122 -0.007 -0.013 -0.004 -0.001 0.001
0.124 -0.008 -0.012 -0.002 0.0 0.002
0.125 -0.007 -0.011 -0.002 -0.002 -0.0
0.125 -0.007 -0.013 -0.005 -0.004 -0.001
0.124 -0.006 -0.012 -0.002 -0.002 -0.002
0.124 -0.008 -0.014 -0.003 -0.003 -0.002
0.124 -0.005 -0.015 -0.001 -0.0 0.001
0.125 -0.007 -0.013 -0.002 -0.001 -0.002
0.124 -0.006 -0.012 -0.003 -0.002 0.0
0.123 -0.008 -0.013 -0.003 -0.001 -0.0
0.125 -0.008 -0.013 -0.001 -0.002 -0.001
0.123 -0.008 -0.015 -0.003 -0.003 -0.002
0.124 -0.008 -0.012 -0.003 -0.0 -0.001
0.123 -0.009 -0.012 0.0 -0.003 -0.003
0.126 -0.009 -0.012 -0.003 -0.0 -0.001
0.123 -0.009 -0.013 -0.001 -0.002 -0.0
0.124 -0.007 -0.016 -0.001 -0.003 -0.002
0.124 -0.005 -0.014 -0.002 -0.001 0.001
0.124 -0.007 -0.012 -0.001 -0.001 -0.002
0.125 -0.006 -0.013 -0.003 -0.003 -0.001
0.125 -0.006 -0.013 -0.001 -0.003 0.001
0.124 -0.007 -0.013 -0.002 -0.003 0.003
0.123 -0.004 -0.014 0.0 -0.006 0.003
0.124 -0.008 -0.014 -0.0 -0.005 0.004
0.125 -0.009 -0.015 -0.002 -0.002 0.003
0.123 -0.01 -0.014 0.001 -0.002 0.002
0.124 -0.01 -0.013 -0.001 -0.004 0.002
0.125 -0.013 -0.018 -0.002 -0.002 0.001
0.124 -0.01 -0.014 -0.001 -0.004 0.001
0.122 -0.01 -0.013 -0.0 -0.004 -0.001
0.124 -0.009 -0.016 -0.001 -0.002 -0.0
0.125 -0.008 -0.014 -0.002 -0.001 -0.001
0.123 -0.008 -0.016 -0.003 -0.002 -0.001
0.123 -0.009 -0.013 -0.001 -0.001 -0.002
0.124 -0.009 -0.014 -0.002 0.002 -0.007
0.124 -0.006 -0.015 -0.001 -0.003 -0.004
0.125 -0.007 -0.015 0.002 -0.001 -0.002
0.124 -0.007 -0.013 -0.001 -0.001 -0.006
0.125 -0.008 -0.014 -0.001 -0.002 -0.003
0.124 -0.006 -0.014 -0.002 -0.001 -0.003
0.124 -0.007 -0.015 -0.002 0.001 -0.004
0.124 -0.005 -0.016 -0.001 -0.001 -0.004
0.122 -0.005 -0.016 0.0 -0.001 0.0
0.123 -0.006 -0.014 -0.001 -0.004 -0.004
0.124 -0.007 -0.015 -0.002 0.0 -0.002
0.123 -0.006 -0.015 -0.0 -0.001 -0.003
0.123 -0.009 -0.016 -0.001 0.002 -0.001
0.123 -0.006 -0.014 -0.001 0.001 -0.004
0.125 -0.007 -0.015 -0.001 -0.001 -0.005
0.124 -0.006 -0.014 0.0 -0.0 -0.006
0.124 -0.007 -0.015 -0.0 -0.002 -0.004
0.125 -0.006 -0.013 0.002 -0.002 -0.004
0.123 -0.006 -0.016 -0.0 -0.0 -0.004
0.124 -0.005 -0.014 0.001 -0.001 -0.003
0.123 -0.006 -0.013 0.002 -0.002 -0.004
0.124 -0.006 -0.014 -0.001 -0.001 -0.002
0.124 -0.004 -0.016 0.001 -0.0 -0.004
0.124 -0.004 -0.011 -0.0 -0.002 -0.003
0.125 -0.005 -0.011 -0.001 0.0 -0.002
0.123 -0.006 -0.014 -0.001 0.0 -0.004
0.123 -0.005 -0.014 0.0 -0.001 -0.001
0.125 -0.003 -0.015 0.0 -0.001 0.001
0.125 -0.004 -0.014 0.002 -0.0 -0.001
0.124 -0.007 -0.013 0.001 -0.001 -0.001
0.124 -0.006 -0.015 0.001 -0.002 0.001
0.125 -0.002 -0.017 0.001 -0.002 -0.001
0.125 -0.004 -0.014 0.0 -0.001 -0.004
0.124 -0.003 -0.015 -0.001 -0.001 -0.002
0.124 -0.003 -0.014 0.0 0.002 -0.0
0.125 -0.005 -0.013 -0.002 0.0 0.001
0.125 -0.006 -0.014 -0.0 -0.001 -0.0
0.124 -0.004 -0.016 -0.0 -0.001 0.0
0.122 -0.006 -0.012 -0.002 -0.001 -0.001
0.125 -0.003 -0.014 0.002 -0.003 0.001
0.123 -0.002 -0.013 0.0 -0.002 -0.002
0.124 -0.006 -0.013 0.0 -0.002 0.0
0.125 -0.005 -0.014 -0.001 -0.003 0.0
0.124 -0.005 -0.014 -0.001 -0.003 0.001
0.125 -0.004 -0.014 -0.002 -0.002 -0.001
0.124 -0.004 -0.013 -0.002 -0.004 0.0
0.125 -0.004 -0.013 -0.001 -0.004 0.002
0.124 -0.003 -0.014 -0.001 -0.005 0.0
0.124 -0.005 -0.013 -0.001 -0.004 0.003
0.124 -0.005 -0.014 -0.0 -0.002 0.003
0.124 -0.005 -0.014 -0.003 -0.004 0.001
0.123 -0.003 -0.015 -0.004 -0.001 0.002
0.125 -0.003 -0.016 -0.003 -0.001 -0.001
0.125 -0.004 -0.015 -0.003 -0.002 0.004
0.125 -0.005 -0.015 -0.003 -0.001 0.001
0.125 -0.005 -0.013 -0.0 -0.003 0.002
0.122 -0.006 -0.013 -0.002 -0.002 0.002
0.124 -0.007 -0.012 0.001 -0.003 0.001
0.124 -0.007 -0.015 0.001 -0.004 0.001
0.125 -0.005 -0.014 -0.002 -0.003 -0.002
0.125 -0.004 -0.015 -0.002 0.0 -0.001
0.125 -0.006 -0.014 -0.0 0.0 -0.001
0.123 -0.006 -0.014 -0.001 -0.003 0.001
0.125 -0.005 -0.015 -0.001 -0.0 -0.004
0.126 -0.004 -0.014 0.001 -0.002 -0.001
0.125 -0.005 -0.013 -0.0 -0.0 -0.002
0.125 -0.006 -0.013 -0.0 -0.002 -0.003
0.124 -0.004 -0.013 -0.001 -0.004 -0.002
0.124 -0.003 -0.017 -0.001 -0.002 -0.001
0.122 -0.003 -0.015 -0.003 0.0 -0.003
0.125 -0.003 -0.014 -0.003 0.0 -0.003
0.125 -0.003 -0.013 -0.001 -0.0 -0.001
0.124 -0.005 -0.015 -0.002 0.001 -0.001
0.124 -0.003 -0.014 -0.0 0.0 -0.002
0.125 -0.005 -0.015 0.001 -0.001 -0.0
0.124 -0.006 -0.012 -0.002 -0.002 -0.002
0.123 -0.005 -0.014 -0.002 -0.002 -0.001
0.125 -0.004 -0.015 -0.001 0.0 0.003
0.125 -0.004 -0.012 -0.001 -0.0 -0.0
0.124 -0.005 -0.012 -0.001 -0.0 -0.002
0.124 -0.003 -0.014 -0.001 -0.002 0.001
0.124 -0.004 -0.014 -0.0 0.002 -0.002
0.125 -0.005 -0.013 0.001 -0.001 -0.003
0.124 -0.005 -0.012 -0.001 0.001 -0.0
0.123 -0.004 -0.013 0.001 -0.0 -0.002
0.123 -0.004 -0.01 -0.002 -0.001 -0.002
0.125 -0.003 -0.013 -0.001 -0.003 0.002
0.124 -0.004 -0.012 -0.001 -0.0 0.0
0.126 -0.004 -0.013 -0.001 0.0 -0.002
0.126 -0.004 -0.013 -0.002 -0.001 0.001
0.126 -0.004 -0.013 -0.001 -0.003 0.002
0.124 -0.005 -0.013 -0.002 -0.002 -0.002
0.125 -0.004 -0.014 -0.002 -0.003 0.0
0.125 -0.007 -0.013 -0.0 -0.001 0.002
0.124 -0.003 -0.014 -0.001 -0.003 0.001
0.123 -0.005 -0.014 -0.0 -0.003 0.001
0.123 -0.004 -0.015 -0.002 -0.001 -0.001
0.124 -0.005 -0.012 -0.003 -0.002 0.0
0.124 -0.005 -0.012 -0.003 -0.002 -0.0
0.124 -0.006 -0.013 -0.002 0.001 0.0
0.123 -0.005 -0.014 -0.001 -0.004 -0.002
0.124 -0.003 -0.014 -0.0 -0.005 -0.003
0.123 -0.005 -0.014 -0.001 -0.003 -0.001
0.124 -0.004 -0.015 0.0 0.002 0.002
0.125 -0.004 -0.012 -0.003 -0.002 -0.0
0.125 -0.004 -0.014 -0.002 -0.003 0.0
0.124 -0.003 -0.014 -0.001 0.001 0.0
0.124 -0.004 -0.013 -0.002 0.0 -0.002
0.124 -0.005 -0.013 -0.002 -0.0 -0.001
0.125 -0.005 -0.015 -0.001 -0.002 -0.003
0.125 -0.005 -0.014 -0.002 -0.002 0.001
0.124 -0.004 -0.012 -0.001 -0.001 0.001
0.124 -0.004 -0.012 0.0 -0.004 -0.001
0.123 -0.004 -0.013 0.0 -0.0 -0.001
0.124 -0.004 -0.012 0.0 -0.004 0.001
0.123 -0.005 -0.013 -0.002 -0.001 -0.003
0.124 -0.006 -0.013 -0.0 -0.002 -0.003
0.124 -0.003 -0.014 -0.005 0.004 -0.001
0.125 -0.007 -0.013 -0.001 -0.003 -0.002
0.126 -0.004 -0.012 -0.003 -0.002 -0.002
0.124 -0.003 -0.013 0.001 -0.005 0.0
0.123 -0.003 -0.014 0.001 -0.003 -0.004
0.124 -0.004 -0.015 -0.0 -0.003 -0.001
0.124 -0.002 -0.014 -0.001 -0.001 -0.001
0.124 -0.002 -0.014 -0.002 -0.004 -0.002
0.125 -0.001 -0.004 0.003 0.003 0.002
0.125 -0.001 -0.004 0.0 0.003 -0.001
0.126 -0.002 -0.005 -0.001 0.003 -0.002
0.125 -0.0 -0.006 -0.001 0.002 -0.005
0.125 0.002 -0.004 0.0 0.002 -0.003
0.125 0.0 -0.002 -0.0 0.003 -0.004
0.127 0.002 -0.002 -0.0 -0.001 -0.004
0.125 0.002 -0.004 0.002 0.001 -0.001
0.125 0.006 -0.005 0.0 0.001 -0.002
0.126 0.003 -0.002 0.001 0.0 0.001
0.126 0.003 -0.002 0.0 0.0 0.0
0.125 0.002 -0.004 -0.002 0.001 -0.001
0.126 0.001 -0.005 -0.003 -0.0 0.0
0.126 -0.0 -0.003 -0.001 0.002 -0.0
0.124 0.002 -0.001 0.001 -0.002 -0.001
0.126 0.002 -0.001 -0.001 -0.0 -0.003
0.126 0.004 -0.003 0.001 -0.003 0.003
0.127 0.001 -0.004 -0.0 0.001 0.002
0.125 0.002 -0.005 0.001 -0.002 0.002
0.125 0.002 -0.007 0.001 -0.002 0.005
0.126 0.002 -0.005 0.0 0.0 0.003
0.125 0.002 -0.003 -0.002 -0.001 0.004
0.125 0.001 -0.004 -0.004 -0.003 0.003
0.125 0.001 -0.005 -0.004 -0.0 0.002
0.126 0.0 -0.003 -0.001 0.0 0.0
0.126 -0.001 -0.003 -0.001 -0.001 0.002
0.127 0.001 -0.001 -0.0 -0.002 0.002
0.125 0.001 -0.001 0.001 -0.0 0.001
0.127 0.0 -0.002 -0.001 -0.002 0.003
0.126 0.0 -0.003 -0.002 -0.003 0.005
0.125 0.001 -0.005 -0.002 -0.002 0.0
0.125 0.001 -0.003 -0.002 -0.003 0.001
0.124 0.003 -0.004 -0.002 -0.001 0.003
0.126 0.002 -0.004 -0.005 -0.004 0.001
0.125 0.0 -0.006 -0.003 -0.003 0.006
0.125 -0.0 -0.004 -0.002 -0.004 0.005
0.125 -0.001 -0.003 -0.001 -0.001 0.001
0.124 -0.0 0.0 -0.001 -0.003 0.003
0.126 -0.002 -0.004 0.0 -0.004 0.003
0.125 -0.003 -0.004 -0.001 -0.005 -0.001
0.125 -0.0 -0.007 -0.002 -0.002 -0.001
0.127 0.001 -0.004 0.001 -0.004 -0.001
0.125 -0.001 -0.003 -0.002 -0.002 0.0
0.125 -0.001 -0.006 -0.001 -0.002 -0.001
0.126 -0.001 -0.005 -0.001 -0.003 -0.0
0.125 0.0 -0.004 -0.001 -0.003 0.001
0.126 -0.001 -0.005 -0.0 -0.003 -0.0
0.125 -0.0 -0.005 -0.001 -0.002 0.001
0.125 -0.001 -0.005 -0.001 -0.003 -0.002
0.126 -0.001 -0.004 -0.002 -0.003 0.0
0.126 0.0 -0.004 -0.0 -0.004 0.001
0.124 -0.001 -0.007 -0.002 -0.005 -0.001
0.125 -0.002 -0.005 -0.003 -0.002 0.001
0.126 -0.0 -0.004 -0.002 -0.004 0.003
0.126 0.002 -0.005 -0.001 -0.004 0.001
0.125 0.001 -0.009 -0.003 -0.003 0.001
0.124 0.001 -0.007 -0.004 -0.003 0.005
0.124 -0.0 -0.007 -0.006 -0.002 0.005
0.126 -0.001 -0.006 -0.007 -0.005 0.003
0.124 0.003 -0.008 -0.007 0.0 0.003
0.126 -0.004 -0.004 -0.007 0.0 0.005
0.126 -0.009 -0.0 -0.005 -0.001 0.004
0.124 -0.009 -0.0 -0.002 -0.003 0.003
0.124 -0.003 -0.007 -0.002 -0.002 -0.0
0.125 -0.005 -0.001 -0.002 -0.005 -0.002
0.124 0.0 -0.008 -0.0 -0.001 -0.001
0.125 -0.0 -0.009 -0.002 -0.003 0.002
0.125 -0.004 -0.005 -0.001 -0.004 -0.0
0.124 -0.004 -0.003 0.002 -0.001 -0.002
0.124 -0.003 -0.015 0.003 -0.006 -0.002
0.126 0.006 -0.013 -0.003 -0.006 -0.001
0.125 0.001 -0.011 -0.002 -0.001 0.001
0.124 -0.001 -0.009 -0.002 -0.004 0.0
0.125 -0.001 -0.006 -0.003 -0.005 0.003
0.125 -0.003 -0.005 -0.003 -0.003 0.004
0.125 -0.005 -0.005 -0.002 -0.003 0.003
0.124 -0.004 -0.007 -0.003 -0.002 -0.0
0.127 -0.002 -0.008 -0.003 -0.002 0.001
0.125 -0.001 -0.008 -0.002 0.0 -0.002
0.125 -0.001 -0.007 -0.004 -0.002 0.001
0.125 -0.003 -0.008 -0.0 -0.001 0.002
0.125 -0.005 -0.006 0.0 -0.002 0.001
0.123 -0.004 -0.008 0.001 -0.004 0.002
0.124 -0.003 -0.008 0.001 -0.005 -0.0
0.124 -0.003 -0.008 -0.002 -0.003 0.001
0.125 -0.003 -0.007 0.001 -0.003 0.0
0.126 -0.003 -0.007 -0.003 -0.001 -0.003
0.124 -0.003 -0.006 -0.002 -0.002 -0.001
0.125 -0.002 -0.008 -0.0 -0.001 0.001
0.124 -0.002 -0.006 -0.002 -0.002 -0.001
0.127 -0.004 -0.008 -0.001 -0.003 0.001
0.124 -0.001 -0.007 -0.002 -0.003 0.002
0.123 -0.003 -0.005 0.001 -0.003 0.001
0.125 -0.003 -0.006 -0.002 -0.004 0.0
0.126 -0.004 -0.008 -0.002 -0.003 0.002
0.124 -0.005 -0.007 -0.002 -0.002 -0.001
0.124 -0.0 -0.009 -0.002 -0.002 -0.004
0.125 -0.002 -0.005 -0.005 -0.003 -0.002
0.125 -0.003 -0.007 -0.003 -0.003 -0.002
0.126 -0.005 -0.008 -0.001 -0.004 -0.003
0.125 -0.003 -0.008 -0.002 -0.006 -0.003
0.123 -0.002 -0.007 0.0 -0.004 -0.003
0.125 -0.003 -0.007 -0.002 -0.005 -0.004
0.125 -0.003 -0.008 -0.003 -0.005 -0.006
0.125 0.0 -0.008 -0.001 -0.008 -0.001
0.126 -0.0 -0.007 -0.001 -0.002 -0.001
0.125 -0.005 -0.009 -0.003 -0.004 -0.003
0.123 -0.002 -0.01 -0.005 -0.006 -0.005
0.125 -0.001 -0.008 -0.001 -0.005 -0.007
0.125 -0.0 -0.012 -0.003 -0.005 -0.006
0.124 0.0 -0.012 -0.002 -0.006 -0.005
0.126 0.002 -0.012 -0.004 -0.004 -0.003
0.125 0.001 -0.012 -0.003 -0.004 -0.002
0.125 0.002 -0.012 -0.002 -0.003 -0.003
0.124 0.002 -0.012 -0.002 -0.004 -0.003
0.125 0.001 -0.012 -0.002 -0.002 -0.001
0.126 -0.003 -0.011 -0.002 -0.002 -0.001
0.125 -0.004 -0.008 -0.0 -0.0 -0.006
0.125 -0.0 -0.011 -0.0 -0.003 -0.006
0.125 0.0 -0.009 0.001 -0.002 -0.003
0.126 0.001 -0.009 0.001 -0.005 -0.005
0.125 0.001 -0.012 0.001 -0.007 -0.004
0.123 0.003 -0.01 0.002 -0.006 -0.005
0.125 0.002 -0.011 -0.0 -0.005 -0.007
0.124 0.001 -0.012 -0.002 -0.006 -0.007
0.124 0.0 -0.011 -0.002 -0.008 -0.006
0.125 0.002 -0.014 -0.002 -0.007 -0.005
0.125 0.005 -0.016 -0.004 -0.005 -0.005
0.124 0.007 -0.013 -0.001 -0.007 -0.004
0.125 0.007 -0.011 -0.001 -0.007 0.0
0.126 0.001 -0.012 -0.002 -0.007 -0.003
0.123 0.005 -0.015 -0.001 -0.009 -0.003
0.129 0.006 -0.016 -0.001 -0.01 -0.001
0.126 0.004 -0.014 -0.005 -0.009 0.001
0.125 0.001 -0.012 -0.003 -0.005 0.001
0.123 -0.001 -0.015 -0.003 -0.009 -0.005
0.123 0.006 -0.016 -0.002 -0.008 -0.003
0.124 0.008 -0.015 -0.001 -0.008 -0.001
0.122 0.002 -0.014 -0.002 -0.007 -0.0
0.124 0.005 -0.015 -0.002 -0.008 0.001
0.123 0.004 -0.016 -0.001 -0.007 0.001
0.124 0.004 -0.016 0.0 -0.006 0.001
0.124 0.004 -0.017 -0.003 -0.006 0.004
0.123 0.003 -0.014 -0.003 -0.008 0.001
0.125 0.005 -0.017 -0.004 -0.006 0.003
0.122 0.004 -0.019 -0.004 -0.008 0.003
0.126 0.002 -0.019 -0.004 -0.005 0.001
0.124 0.003 -0.019 -0.002 -0.007 0.002
0.123 0.005 -0.021 -0.002 -0.006 0.002
0.124 0.001 -0.022 -0.002 -0.005 0.002
0.123 -0.028 -0.013 0.001 -0.002 0.019
0.123 -0.02 -0.006 0.001 -0.0 0.019
0.123 -0.023 -0.005 0.0 -0.002 0.02
0.123 -0.024 -0.004 -0.005 -0.001 0.015
0.125 -0.024 -0.007 -0.004 -0.003 0.012
0.124 -0.028 -0.008 -0.003 -0.0 0.009
0.123 -0.029 -0.006 -0.001 -0.001 0.004
0.122 -0.023 -0.007 -0.0 -0.002 0.007
0.121 -0.023 -0.007 -0.003 -0.002 0.006
0.122 -0.025 -0.005 0.001 -0.001 0.005
0.124 -0.024 -0.005 -0.001 -0.003 0.002
0.123 -0.023 -0.009 -0.001 -0.001 0.002
0.122 -0.026 -0.009 -0.001 -0.002 0.001
0.123 -0.027 -0.006 -0.0 -0.001 -0.001
0.123 -0.025 -0.006 -0.002 -0.002 -0.002
0.123 -0.025 -0.005 -0.001 0.0 -0.002
0.122 -0.024 -0.009 -0.0 -0.002 -0.004
0.121 -0.028 -0.007 -0.002 -0.003 -0.008
0.122 -0.027 -0.007 -0.002 -0.004 -0.008
0.124 -0.026 -0.007 -0.0 -0.003 -0.014
0.123 -0.026 -0.008 -0.001 -0.002 -0.013
0.123 -0.026 -0.006 -0.001 -0.001 -0.015
0.123 -0.027 -0.008 -0.001 -0.002 -0.019
0.125 -0.023 -0.006 -0.001 -0.0 -0.021
0.123 -0.018 -0.007 -0.003 -0.003 -0.025
0.123 -0.02 -0.008 -0.002 -0.002 -0.025
0.12 -0.02 -0.005 0.0 -0.001 -0.025
0.123 -0.016 -0.009 -0.001 -0.001 -0.027
0.123 -0.016 -0.008 -0.002 -0.001 -0.027
0.126 -0.014 -0.009 -0.001 -0.002 -0.029
0.124 -0.01 -0.009 -0.001 -0.001 -0.028
0.124 -0.008 -0.009 -0.0 -0.001 -0.028
0.127 -0.009 -0.007 -0.0 0.0 -0.029
0.125 -0.008 -0.009 -0.001 -0.003 -0.027
0.124 -0.006 -0.006 0.001 -0.0 -0.027
0.124 0.0 -0.006 0.001 -0.002 -0.027
0.127 0.011 -0.01 -0.001 -0.002 -0.021
0.123 0.011 -0.008 -0.002 -0.003 -0.01
0.125 0.006 -0.013 -0.0 0.001 -0.005
0.124 0.003 -0.009 -0.0 0.004 -0.001
0.124 0.002 -0.008 -0.002 0.001 0.0
0.125 0.001 -0.012 0.001 0.001 0.004
0.127 -0.003 -0.005 -0.001 0.003 0.006
0.126 -0.008 -0.006 -0.004 0.001 0.003
0.125 -0.005 -0.009 -0.002 0.003 0.001
0.125 -0.002 -0.009 0.001 0.0 0.003
0.125 -0.003 -0.007 -0.001 0.001 0.006
0.124 -0.005 -0.002 -0.002 0.0 0.002
0.124 -0.006 -0.005 0.001 -0.0 0.002
0.125 -0.008 -0.003 -0.002 -0.001 -0.0
0.125 -0.003 -0.006 -0.002 -0.001 -0.001
0.125 -0.002 -0.009 -0.004 0.002 -0.002
0.124 0.0 -0.008 -0.004 0.001 -0.001
0.125 -0.002 -0.005 -0.002 0.001 0.0
0.124 -0.006 -0.004 -0.003 0.0 0.006
0.125 -0.01 -0.004 -0.001 -0.002 0.004
0.125 -0.006 -0.005 -0.001 -0.003 0.0
0.124 -0.004 -0.005 -0.0 -0.0 -0.003
0.125 -0.003 -0.005 0.001 -0.002 0.002
0.124 -0.004 -0.004 0.0 0.002 0.001
0.125 -0.006 -0.003 -0.001 -0.0 -0.001
0.126 -0.005 -0.005 -0.002 -0.003 -0.003
0.125 -0.004 -0.005 -0.002 -0.001 -0.001
0.126 -0.003 -0.006 -0.001 -0.002 -0.0
0.124 -0.002 -0.006 -0.001 -0.002 0.001
0.124 -0.004 -0.006 -0.003 -0.001 0.0
0.123 -0.005 -0.008 -0.001 -0.003 0.002
0.126 -0.005 -0.005 -0.002 -0.002 0.001
0.124 -0.004 -0.007 -0.002 -0.003 0.002
0.126 -0.004 -0.006 -0.001 -0.001 -0.001
0.125 -0.006 -0.004 -0.001 -0.002 0.001
0.125 -0.006 -0.005 -0.003 -0.001 -0.002
0.126 -0.005 -0.003 -0.003 -0.003 -0.001
0.125 -0.003 -0.006 -0.0 -0.002 0.0
0.125 -0.002 -0.007 -0.002 -0.003 0.001
0.125 -0.002 -0.008 -0.001 -0.003 0.003
0.125 -0.003 -0.008 -0.004 -0.002 0.004
0.125 -0.004 -0.005 -0.001 -0.002 0.006
0.126 -0.005 -0.008 -0.002 -0.001 0.002
0.125 -0.005 -0.006 -0.002 -0.004 0.002
0.126 -0.005 -0.005 -0.003 0.0 0.002
0.125 -0.006 -0.005 -0.002 -0.0 0.003
0.125 -0.004 -0.006 -0.002 -0.003 0.003
0.125 -0.005 -0.005 -0.003 -0.002 0.004
0.125 -0.007 -0.007 -0.002 -0.004 0.005
0.126 -0.006 -0.006 -0.003 -0.003 0.005
0.125 -0.006 -0.007 -0.003 -0.004 0.008
0.124 -0.006 -0.007 -0.005 -0.0 0.005
0.125 -0.007 -0.006 -0.002 -0.003 0.004
0.125 -0.009 -0.005 -0.004 -0.003 0.006
0.125 -0.008 -0.004 -0.002 -0.004 0.002
0.123 -0.009 -0.006 -0.002 -0.002 0.001
0.125 -0.007 -0.007 -0.001 -0.003 0.005
0.125 -0.008 -0.007 -0.002 -0.002 0.004
0.125 -0.009 -0.006 -0.001 -0.004 0.006
0.124 -0.008 -0.006 -0.001 -0.003 0.004
0.125 -0.008 -0.006 -0.001 -0.001 0.002
0.125 -0.01 -0.006 -0.001 -0.003 0.002
0.125 -0.009 -0.005 -0.001 -0.001 0.003
0.124 -0.01 -0.007 -0.002 -0.005 0.001
0.124 -0.01 -0.007 -0.003 -0.004 0.001
0.125 -0.008 -0.008 -0.0 -0.003 0.001
0.124 -0.008 -0.008 -0.003 -0.002 0.002
0.124 -0.008 -0.008 -0.004 -0.005 0.002
0.125 -0.008 -0.006 -0.0 -0.004 0.0
0.126 -0.008 -0.007 -0.003 -0.004 -0.001
0.124 -0.007 -0.009 -0.004 -0.004 0.003
0.124 -0.009 -0.005 -0.005 -0.004 0.005
0.124 -0.007 -0.008 -0.004 -0.004 0.003
0.125 -0.01 -0.007 -0.006 -0.004 0.005
0.124 -0.009 -0.008 -0.005 -0.004 0.003
0.126 -0.01 -0.008 -0.004 -0.005 0.005
0.123 -0.008 -0.008 -0.007 -0.007 0.005
0.124 -0.008 -0.007 -0.006 -0.006 0.007
0.124 -0.01 -0.008 -0.006 -0.004 0.009
0.123 -0.01 -0.01 -0.006 -0.005 0.005
0.124 -0.014 -0.007 -0.007 -0.003 0.004
0.125 -0.013 -0.01 -0.007 -0.002 0.005
0.125 -0.01 -0.009 -0.006 -0.003 0.003
0.125 -0.012 -0.011 -0.006 -0.005 0.004
0.123 -0.011 -0.008 -0.004 -0.005 0.003
0.123 -0.013 -0.012 -0.004 -0.005 0.004
0.125 -0.01 -0.011 -0.004 -0.005 0.003
0.123 -0.012 -0.013 -0.002 -0.006 0.002
0.123 -0.012 -0.011 -0.004 -0.004 0.001
0.124 -0.011 -0.011 -0.003 -0.004 0.002
0.125 -0.011 -0.011 -0.003 -0.002 0.0
0.124 -0.013 -0.012 -0.003 -0.004 0.002
0.124 -0.011 -0.013 -0.003 -0.004 0.002
0.125 -0.013 -0.013 -0.001 -0.004 -0.001
0.125 -0.012 -0.011 -0.001 -0.004 -0.001
0.123 -0.012 -0.012 0.0 -0.005 0.001
0.124 -0.012 -0.013 -0.001 -0.003 0.003
0.124 -0.011 -0.013 -0.001 -0.003 0.002
0.126 -0.013 -0.011 -0.004 -0.002 -0.001
0.126 -0.013 -0.012 -0.0 0.001 -0.003
0.125 -0.011 -0.012 -0.0 -0.001 -0.003
0.124 -0.011 -0.013 -0.002 0.0 -0.003
0.124 -0.012 -0.012 -0.003 -0.0 -0.001
0.124 -0.012 -0.012 0.0 -0.001 -0.001
0.123 -0.012 -0.01 0.001 -0.001 -0.001
0.123 -0.011 -0.012 0.0 -0.001 -0.001
0.124 -0.011 -0.011 0.001 -0.0 -0.003
0.125 -0.011 -0.01 0.003 0.0 -0.002
0.123 -0.011 -0.011 -0.0 0.002 -0.001
0.124 -0.01 -0.011 0.001 0.002 -0.002
0.124 -0.011 -0.013 0.001 0.003 -0.004
0.125 -0.012 -0.009 -0.001 0.002 -0.003
0.124 -0.011 -0.01 0.0 0.001 -0.002
0.124 -0.009 -0.01 0.001 0.001 -0.004
0.125 0.007 0.001 -0.002 -0.002 0.001
0.126 0.007 -0.005 -0.001 -0.002 0.003
0.124 0.01 -0.005 -0.003 -0.003 0.0
0.126 0.009 -0.002 -0.0 -0.002 0.003
0.126 0.007 0.001 -0.001 -0.002 0.002
0.126 0.007 -0.001 -0.0 -0.004 0.003
0.126 0.005 -0.001 -0.001 -0.0 -0.001
0.124 0.007 -0.004 -0.003 -0.001 -0.001
0.124 0.008 -0.002 -0.003 -0.002 -0.001
0.126 0.007 -0.0 -0.002 -0.001 0.0
0.125 0.007 -0.001 -0.001 -0.001 0.002
0.125 0.007 -0.0 -0.002 0.001 -0.0
0.125 0.007 -0.001 -0.001 -0.001 -0.001
0.125 0.009 -0.003 -0.001 -0.002 -0.001
0.124 0.009 -0.003 0.0 -0.002 -0.001
0.125 0.009 0.004 -0.002 -0.002 0.001
0.125 0.006 0.0 -0.002 0.001 -0.001
0.124 0.006 -0.003 -0.003 -0.001 -0.002
0.126 0.007 -0.004 -0.002 -0.001 -0.001
0.126 0.008 -0.002 -0.001 0.002 -0.001
0.124 0.008 0.001 0.001 -0.0 0.001
0.125 0.008 0.001 -0.002 -0.002 -0.001
0.125 0.007 -0.004 -0.001 -0.002 0.0
0.125 0.007 -0.002 -0.0 -0.002 0.0
0.126 0.008 -0.001 0.001 -0.0 0.001
0.124 0.009 -0.0 -0.002 -0.001 -0.001
0.126 0.007 0.001 -0.001 -0.0 -0.002
0.124 0.006 -0.004 0.0 -0.002 -0.002
0.124 0.006 -0.001 -0.001 -0.001 -0.003
0.125 0.007 -0.001 0.003 0.0 -0.002
0.125 0.008 -0.001 0.001 -0.001 -0.002
0.124 0.007 -0.001 -0.001 -0.001 -0.003
0.124 0.009 0.001 0.001 0.0 -0.002
0.126 0.007 -0.002 0.0 -0.0 -0.001
0.124 0.005 -0.001 -0.001 0.002 -0.005
0.125 0.01 -0.002 -0.0 0.002 -0.006
0.127 0.007 0.0 -0.0 0.004 -0.004
0.124 0.008 -0.001 0.002 0.004 -0.005
0.125 0.009 -0.001 0.001 0.004 -0.005
0.125 0.008 -0.0 0.008 0.002 -0.004
0.126 0.01 -0.0 0.005 0.002 -0.004
0.125 0.009 -0.001 0.003 0.004 -0.004
0.124 0.011 0.002 0.004 0.003 -0.004
0.125 0.01 0.005 0.001 0.006 -0.005
0.128 0.006 0.003 0.004 0.0 -0.007
0.125 0.01 0.005 0.005 0.002 -0.009
0.123 0.013 0.004 0.004 0.002 -0.006
0.124 0.015 0.006 -0.001 -0.002 -0.006
0.124 0.016 0.002 -0.002 -0.003 -0.002
0.125 0.017 0.002 -0.002 -0.002 0.001
0.124 0.015 0.001 -0.003 -0.003 0.005
0.123 0.015 -0.002 -0.003 -0.003 0.009
0.124 0.014 0.003 -0.005 -0.002 0.009
0.124 0.007 0.004 -0.003 -0.003 0.008
0.126 0.007 -0.001 -0.005 -0.003 0.006
0.126 0.01 0.0 -0.005 -0.002 0.006
0.123 0.007 0.0 -0.003 -0.004 0.005
0.126 0.007 0.003 -0.005 -0.002 0.003
0.126 0.002 0.002 -0.003 -0.005 0.004
0.125 0.004 0.0 0.001 -0.005 0.0
0.125 0.009 0.0 0.001 -0.005 -0.003
0.125 0.008 0.002 0.001 -0.005 -0.002
0.126 0.009 0.005 -0.002 -0.004 -0.004
0.126 0.011 0.001 0.0 -0.004 -0.002
0.124 0.009 -0.002 0.0 -0.002 -0.002
0.125 0.008 0.001 0.001 -0.002 0.001
0.124 0.01 -0.001 0.0 -0.003 0.003
0.124 0.012 -0.0 0.001 -0.006 0.004
0.126 0.009 -0.001 0.0 -0.004 0.004
0.124 0.01 -0.002 -0.0 -0.005 0.002
0.124 0.007 0.005 0.0 -0.004 -0.0
0.125 0.01 0.005 -0.002 -0.005 0.001
0.125 0.008 0.002 -0.003 -0.007 0.001
0.126 0.008 0.001 -0.004 -0.008 0.002
0.125 0.006 0.001 -0.002 -0.007 -0.001
0.123 0.006 -0.0 0.001 -0.008 0.0
0.123 0.01 -0.0 -0.0 -0.01 0.001
0.125 0.012 -0.002 -0.003 -0.012 0.001
0.125 0.009 -0.001 -0.003 -0.013 0.003
0.124 0.008 -0.002 -0.004 -0.012 0.002
0.124 0.008 -0.004 -0.003 -0.011 0.002
0.126 0.007 -0.006 -0.005 -0.01 0.003
0.125 0.011 -0.01 -0.005 -0.01 0.004
0.126 0.01 -0.006 -0.005 -0.006 0.005
0.124 0.006 -0.006 -0.006 -0.005 0.007
0.125 0.007 -0.008 -0.003 -0.005 0.007
0.127 0.005 -0.009 -0.001 -0.006 0.004
0.124 0.003 -0.008 -0.002 -0.004 0.005
0.125 0.005 -0.003 0.0 -0.004 0.001
0.125 0.004 -0.006 -0.002 -0.003 0.001
0.125 0.003 -0.008 0.002 -0.001 -0.002
0.125 0.004 -0.004 0.001 -0.002 -0.001
0.126 0.005 -0.006 -0.001 0.0 -0.002
0.124 0.007 -0.006 0.0 0.001 -0.006
0.125 0.009 -0.003 0.002 0.001 -0.004
0.124 0.007 -0.007 0.001 -0.0 0.002
0.126 0.005 -0.009 0.003 0.0 0.0
0.125 0.007 -0.006 0.002 0.001 -0.001
0.125 0.009 -0.006 0.005 0.0 -0.001
0.124 0.009 -0.005 0.002 -0.0 -0.002
0.124 0.008 -0.006 0.002 0.004 -0.001
0.126 0.006 -0.008 0.001 0.003 -0.002
0.123 0.01 -0.009 0.002 0.003 0.002
0.126 0.008 -0.007 0.001 0.004 0.005
0.127 0.005 -0.009 0.001 0.003 0.003
0.127 -0.001 -0.011 0.003 0.006 0.0
0.128 -0.004 -0.006 0.008 0.009 -0.003
0.125 0.002 0.003 0.011 0.007 -0.01
0.124 0.011 0.004 0.011 0.006 -0.012
0.123 0.016 0.003 0.012 0.005 -0.01
0.124 0.017 -0.001 0.007 0.004 -0.003
0.124 0.013 -0.004 0.004 0.006 -0.002
0.123 0.013 -0.003 0.007 0.006 0.002
0.124 0.013 -0.001 0.003 0.003 0.005
0.124 0.007 0.001 0.001 0.003 0.007
0.125 0.008 -0.0 0.002 0.002 0.006
0.125 0.006 -0.003 0.001 -0.0 0.008
0.125 0.004 -0.001 0.0 0.002 0.005
0.124 0.006 0.0 -0.001 0.001 0.003
0.123 0.007 0.004 0.0 0.001 0.003
0.123 0.008 0.002 -0.001 0.0 0.004
0.126 0.006 0.0 -0.003 -0.001 0.005
0.125 0.004 -0.003 -0.002 -0.0 0.004
0.125 0.005 -0.0 -0.002 -0.003 0.006
0.126 0.004 -0.0 -0.001 -0.001 0.005
0.124 0.008 -0.003 -0.002 0.0 0.004
0.123 0.009 -0.002 -0.004 -0.001 0.007
0.124 0.008 0.001 -0.004 -0.002 0.009
0.125 0.005 -0.0 -0.007 -0.003 0.007
0.126 0.005 0.0 -0.007 -0.001 0.009
0.125 0.004 0.002 -0.007 -0.005 0.013
0.127 0.004 0.001 -0.009 -0.004 0.008
0.125 -0.002 -0.0 -0.008 -0.006 0.01
0.125 0.0 0.003 -0.008 -0.003 0.007
0.125 0.002 -0.0 -0.008 -0.005 0.006
0.125 -0.005 0.001 -0.005 -0.004 0.007
0.125 -0.003 -0.0 -0.006 -0.003 0.003
0.124 0.001 0.0 -0.004 -0.006 -0.0
0.124 0.003 0.0 -0.003 -0.006 0.003
0.126 0.004 -0.002 -0.004 -0.003 0.003
0.126 0.004 -0.003 -0.004 -0.004 0.003
0.127 0.003 -0.002 -0.005 -0.005 0.004
0.126 0.0 -0.002 -0.004 -0.004 0.005
0.124 0.002 -0.002 -0.006 -0.007 0.005
0.125 -0.001 -0.002 -0.005 -0.007 0.005
0.126 0.0 -0.003 -0.005 -0.006 0.003
0.126 -0.003 -0.002 -0.005 -0.005 0.004
0.125 -0.004 -0.001 -0.006 -0.005 0.004
0.126 -0.003 -0.001 -0.003 -0.006 -0.0
0.127 -0.003 -0.002 -0.005 -0.006 0.002
0.123 -0.014 -0.014 0.002 -0.003 -0.004
0.124 -0.015 -0.015 -0.002 -0.004 -0.002
0.124 -0.014 -0.013 -0.0 -0.003 -0.003
0.125 -0.015 -0.015 0.0 -0.003 -0.001
0.125 -0.015 -0.015 0.0 -0.003 -0.001
0.123 -0.013 -0.014 0.001 -0.003 -0.002
0.123 -0.013 -0.011 -0.001 -0.003 0.002
0.124 -0.013 -0.014 -0.002 -0.005 -0.002
0.122 -0.014 -0.016 -0.001 -0.004 -0.0
0.124 -0.013 -0.015 -0.002 -0.001 -0.003
0.122 -0.014 -0.012 -0.003 -0.002 -0.001
0.124 -0.012 -0.016 -0.002 -0.002 0.001
0.124 -0.018 -0.017 -0.003 -0.001 0.001
0.124 -0.019 -0.016 -0.002 0.002 -0.001
0.125 -0.017 -0.013 -0.003 -0.001 -0.003
0.124 -0.016 -0.013 -0.004 0.0 -0.004
0.123 -0.016 -0.012 -0.004 -0.003 -0.004
0.124 -0.016 -0.013 -0.003 -0.001 -0.006
0.124 -0.015 -0.011 -0.002 -0.0 -0.008
0.123 -0.015 -0.012 -0.001 0.001 -0.011
0.125 -0.013 -0.012 0.001 0.001 -0.009
0.124 -0.013 -0.012 0.004 0.0 -0.014
0.123 -0.013 -0.012 0.008 -0.002 -0.011
0.124 -0.011 -0.015 0.008 -0.004 -0.01
0.123 -0.01 -0.017 0.009 -0.005 -0.01
0.124 -0.012 -0.035 0.01 -0.003 -0.009
0.124 -0.006 -0.019 0.006 -0.003 -0.009
0.124 -0.009 -0.018 0.006 -0.002 -0.009
0.122 -0.01 -0.014 0.005 -0.003 -0.009
0.123 -0.009 -0.014 0.004 -0.001 -0.009
0.123 -0.004 -0.017 0.003 -0.004 -0.009
0.123 -0.005 -0.017 0.001 -0.002 -0.005
0.124 -0.008 -0.015 0.002 -0.003 -0.002
0.124 -0.01 -0.013 0.001 -0.002 -0.005
0.123 -0.009 -0.013 0.002 -0.003 -0.004
0.124 -0.006 -0.015 0.001 -0.003 -0.005
0.125 -0.006 -0.016 0.001 -0.004 -0.003
0.124 -0.006 -0.016 -0.001 -0.003 -0.004
0.123 -0.008 -0.012 -0.002 -0.001 -0.004
0.124 -0.01 -0.014 0.001 -0.003 -0.006
0.123 -0.01 -0.014 0.002 -0.001 -0.006
0.125 -0.01 -0.013 0.002 0.0 -0.006
0.123 -0.01 -0.014 0.003 -0.001 -0.011
0.124 -0.008 -0.014 0.006 -0.004 -0.01
0.123 -0.005 -0.013 0.004 -0.004 -0.013
0.124 -0.002 -0.015 0.002 -0.004 -0.012
0.125 -0.001 -0.014 0.001 -0.003 -0.009
0.123 -0.009 -0.01 0.003 -0.005 -0.007
0.125 -0.007 -0.012 -0.0 -0.005 -0.01
0.125 -0.004 -0.014 -0.001 -0.005 -0.009
0.125 -0.001 -0.017 -0.001 -0.006 -0.009
0.123 -0.003 -0.015 0.0 -0.007 -0.008
0.123 0.002 -0.016 0.001 -0.006 -0.007
0.124 -0.0 -0.017 -0.003 -0.007 -0.008
0.125 0.001 -0.016 -0.002 -0.006 -0.006
0.125 -0.003 -0.014 -0.0 -0.006 -0.003
0.124 -0.004 -0.015 -0.002 -0.006 -0.006
0.123 -0.001 -0.02 -0.003 -0.005 -0.006
0.125 -0.001 -0.016 -0.002 -0.004 -0.007
0.125 -0.002 -0.016 -0.002 -0.005 -0.005
0.123 0.001 -0.019 -0.002 -0.006 -0.008
0.123 0.002 -0.017 -0.002 -0.005 -0.005
0.125 -0.002 -0.02 -0.002 -0.006 -0.007
0.122 0.004 -0.022 -0.001 -0.005 -0.005
0.123 0.005 -0.023 -0.003 -0.004 -0.004
0.122 0.006 -0.02 -0.003 -0.003 -0.001
0.124 0.005 -0.022 -0.001 -0.0 0.001
0.124 0.0 -0.016 -0.001 0.002 0.004
0.124 -0.001 -0.017 -0.002 -0.0 0.003
0.125 -0.005 -0.015 -0.005 -0.001 -0.001
0.123 -0.001 -0.017 -0.002 -0.001 -0.0
0.123 0.003 -0.017 0.0 -0.002 0.001
0.124 0.001 -0.017 -0.004 -0.0 0.0
0.126 0.001 -0.017 -0.001 -0.001 -0.001
0.123 0.002 -0.022 -0.002 0.0 -0.001
0.125 0.0 -0.018 -0.002 -0.001 -0.001
0.123 0.001 -0.016 -0.003 0.001 -0.002
0.125 0.004 -0.018 -0.002 -0.001 -0.001
0.124 -0.002 -0.017 -0.002 -0.002 -0.0
0.125 -0.001 -0.014 0.0 -0.002 0.0
0.122 0.003 -0.019 -0.004 -0.001 -0.001
0.124 0.0 -0.019 -0.002 -0.001 -0.0
0.125 0.003 -0.018 -0.001 -0.001 0.003
0.123 0.003 -0.018 -0.001 -0.001 0.0
0.124 0.002 -0.019 -0.002 0.0 0.002
0.123 0.002 -0.017 -0.002 0.001 0.003
0.124 0.002 -0.018 -0.004 -0.0 0.0
0.124 0.001 -0.02 -0.001 0.001 0.002
0.123 0.003 -0.02 -0.001 0.001 0.002
0.123 -0.0 -0.02 -0.003 0.003 0.006
0.123 -0.002 -0.016 -0.002 0.004 0.004
0.124 0.001 -0.017 -0.002 0.006 0.003
0.125 -0.001 -0.013 -0.004 0.004 0.003
0.124 -0.005 -0.011 -0.006 0.005 0.001
0.124 -0.004 -0.015 -0.004 0.005 -0.001
0.125 -0.003 -0.015 -0.002 0.005 0.001
0.123 0.001 -0.013 -0.002 0.004 -0.001
0.125 0.001 -0.015 -0.002 0.004 0.002
0.125 -0.002 -0.012 0.001 0.003 -0.0
0.12 -0.016 0.008 0.003 0.001 -0.003
0.124 0.002 -0.021 0.004 0.001 -0.004
0.124 0.001 -0.012 0.003 0.004 -0.004
0.125 0.003 -0.014 -0.002 0.002 -0.001
0.123 0.002 -0.013 -0.0 0.004 -0.003
0.124 -0.002 -0.016 0.001 0.005 0.0
0.124 0.0 -0.013 -0.001 0.004 -0.0
0.122 0.002 -0.012 0.002 0.004 -0.001
0.125 0.001 -0.01 0.002 0.004 0.002
0.126 -0.002 -0.011 0.002 0.002 0.0
0.123 0.0 -0.013 0.002 0.003 -0.002
0.124 -0.0 -0.011 0.0 0.004 0.001
0.124 0.001 -0.012 0.0 0.005 0.001
0.123 0.001 -0.012 -0.0 0.003 0.0
0.125 -0.001 -0.012 -0.003 0.002 0.001
0.125 -0.002 -0.012 -0.0 0.004 -0.001
0.125 0.0 -0.009 -0.0 0.002 -0.0
0.125 0.0 -0.009 0.001 0.004 0.001
0.125 0.001 -0.01 0.001 0.004 -0.001
0.125 -0.001 -0.009 -0.001 0.002 0.001
0.124 -0.001 -0.009 -0.002 0.0 0.0
0.125 0.0 -0.01 -0.002 0.002 0.003
0.124 -0.001 -0.01 -0.002 0.001 0.002
0.124 0.001 -0.01 -0.003 0.001 0.002
0.126 0.001 -0.01 -0.006 0.001 -0.0
0.124 0.004 -0.01 -0.004 0.003 0.006
0.126 -0.002 -0.012 -0.003 0.004 0.006
0.125 -0.001 -0.014 -0.005 0.005 0.005
0.125 0.002 -0.009 -0.005 0.003 0.003
0.124 -0.0 -0.005 -0.003 0.006 0.003
0.125 -0.004 -0.001 -0.002 0.005 0.004
0.126 -0.011 -0.0 -0.001 0.006 0.004
0.126 -0.009 -0.003 0.003 0.005 -0.004
0.125 -0.007 -0.004 0.002 0.003 -0.006
0.125 0.001 -0.01 0.004 0.004 -0.009
0.124 0.002 -0.005 0.005 0.004 -0.007
0.124 -0.001 -0.003 0.007 0.001 -0.004
0.126 -0.004 -0.005 0.009 0.001 -0.006
0.126 -0.005 -0.012 0.015 -0.002 -0.009
0.124 0.007 -0.011 0.009 -0.004 -0.008
0.124 0.004 -0.01 0.004 -0.004 -0.004
0.123 0.005 -0.011 0.0 -0.005 -0.004
0.123 0.007 -0.01 -0.002 -0.002 0.0
0.126 0.0 -0.006 -0.001 -0.002 0.002
0.125 -0.002 -0.006 0.0 -0.001 0.001
0.125 -0.003 -0.007 0.001 0.002 -0.002
0.124 -0.002 -0.006 0.001 -0.001 -0.002
0.125 0.001 -0.007 0.001 -0.002 -0.001
0.124 0.002 -0.009 0.0 0.0 0.001
0.125 0.002 -0.005 0.001 -0.003 -0.0
0.125 -0.001 -0.007 -0.002 0.001 -0.0
0.124 -0.005 -0.011 -0.0 -0.001 -0.001
0.124 -0.003 -0.012 0.001 0.003 0.002
0.124 -0.005 -0.013 -0.001 -0.001 -0.001
0.125 -0.004 -0.011 -0.003 0.0 -0.001
0.124 -0.002 -0.011 -0.002 0.002 -0.002
0.124 -0.004 -0.011 -0.0 -0.001 -0.002
0.123 -0.004 -0.009 0.001 0.0 0.003
0.124 -0.004 -0.012 0.002 0.002 -0.0
0.126 -0.004 -0.009 -0.0 0.002 0.001
0.125 -0.004 -0.011 -0.001 0.001 0.001
0.124 -0.004 -0.011 0.001 0.003 -0.001
0.125 -0.005 -0.01 -0.003 0.002 -0.0
0.125 -0.004 -0.01 -0.0 0.002 0.001
0.125 -0.005 -0.011 0.002 -0.0 -0.001
0.125 -0.005 -0.009 -0.001 0.002 -0.001
0.124 -0.004 -0.01 -0.001 0.001 0.003
0.122 -0.004 -0.01 -0.001 0.001 0.001
0.125 -0.004 -0.008 0.001 0.003 0.002
0.125 -0.004 -0.011 -0.001 -0.001 0.001
0.126 -0.004 -0.008 0.002 0.003 0.002
0.126 -0.003 -0.009 0.0 0.002 0.001
0.124 -0.004 -0.009 0.0 0.001 -0.0
0.124 -0.003 -0.007 0.0 0.002 0.002
0.124 -0.005 -0.011 -0.001 0.003 0.002
0.125 -0.004 -0.008 0.003 0.003 0.002
0.124 -0.006 -0.006 -0.001 -0.0 0.003
0.124 -0.003 -0.008 0.0 -0.001 0.003
0.124 -0.005 -0.008 0.002 0.002 0.003
0.123 -0.005 -0.007 -0.002 0.002 0.002
0.125 -0.005 -0.005 -0.002 0.003 0.001
0.125 -0.007 -0.007 -0.001 0.005 0.001
0.124 -0.007 -0.006 0.001 0.003 0.001
0.124 -0.006 -0.006 -0.002 0.002 0.001
0.124 -0.006 -0.007 -0.001 0.001 -0.002
0.125 -0.006 -0.006 0.0 0.0 0.003
0.125 -0.005 -0.005 -0.0 0.001 0.002
0.125 -0.005 -0.006 0.0 -0.0 0.002
0.125 -0.005 -0.005 -0.001 0.001 -0.001
0.125 -0.006 -0.005 -0.002 -0.001 0.0
0.126 -0.005 -0.007 -0.002 0.001 -0.003
0.125 -0.006 -0.007 -0.001 0.003 0.002
0.123 -0.006 -0.005 -0.002 0.001 -0.001
0.126 -0.005 -0.004 -0.002 -0.0 0.0
0.126 -0.004 -0.005 -0.0 0.001 0.001
0.125 -0.005 -0.005 0.0 -0.001 -0.0
0.125 -0.004 -0.005 0.0 0.0 0.001
0.124 -0.006 -0.004 -0.001 -0.0 -0.002
0.125 -0.004 -0.004 -0.002 -0.001 -0.001
0.125 -0.006 -0.005 -0.001 -0.002 -0.002
0.125 -0.005 -0.006 -0.001 -0.001 -0.002
0.124 -0.004 -0.005 -0.002 -0.001 -0.001
0.126 -0.005 -0.005 0.001 -0.001 -0.0
0.125 -0.006 -0.006 -0.001 -0.001 -0.001
0.125 -0.005 -0.007 -0.002 0.001 -0.005
0.124 -0.006 -0.005 0.0 -0.001 -0.001
0.124 -0.007 -0.004 -0.001 -0.002 -0.002
0.124 -0.003 -0.004 -0.0 -0.001 -0.001
0.125 -0.005 -0.005 -0.0 -0.002 -0.001
0.125 -0.006 -0.005 -0.0 -0.0 -0.003
0.125 -0.006 -0.005 -0.001 0.0 -0.004
0.125 -0.004 -0.007 -0.001 -0.005 -0.002
0.125 -0.006 -0.007 0.001 -0.001 -0.002
0.124 -0.003 -0.006 0.002 -0.001 -0.004
0.125 -0.001 -0.005 0.001 -0.003 -0.002
0.125 -0.004 -0.004 0.0 -0.003 -0.003
0.126 -0.005 -0.007 0.0 -0.002 -0.003
0.125 -0.003 -0.006 0.001 -0.001 -0.007
0.124 -0.003 -0.007 -0.0 -0.001 -0.003
0.123 -0.003 -0.007 -0.002 -0.001 -0.003
0.125 -0.002 -0.006 -0.0 -0.002 -0.001
0.126 -0.003 -0.007 0.001 -0.002 -0.003
0.126 -0.003 -0.006 0.001 -0.001 -0.001
0.124 -0.002 -0.009 0.001 -0.002 -0.001
0.126 -0.003 -0.007 0.001 -0.001 -0.002
0.124 -0.003 -0.006 0.002 -0.0 -0.002
0.125 -0.001 -0.007 0.0 -0.002 -0.004
0.125 -0.001 -0.008 -0.0 0.0 -0.003
0.124 0.0 -0.004 -0.0 0.0 0.0
0.124 -0.004 -0.006 -0.001 0.0 0.002
0.125 -0.001 -0.005 0.0 0.002 0.001
0.124 -0.0 -0.006 0.002 0.001 0.0
0.125 -0.001 -0.007 0.001 -0.001 0.004
0.126 -0.001 -0.004 0.0 0.001 0.006
0.125 -0.002 -0.003 -0.002 -0.002 0.005
0.125 -0.003 -0.005 0.001 0.0 0.006
0.125 -0.003 -0.004 -0.0 0.001 0.003
0.126 -0.005 -0.004 -0.001 0.002 0.005
0.124 -0.006 -0.004 -0.0 -0.0 0.003
0.125 -0.006 -0.006 -0.001 0.0 0.003
0.126 -0.005 -0.005 -0.0 -0.001 0.003
0.125 -0.005 -0.002 -0.001 -0.003 0.004
0.127 -0.008 -0.003 0.0 -0.001 0.002
0.127 -0.005 -0.005 -0.0 -0.002 -0.0
0.125 -0.005 -0.006 0.0 -0.0 0.001
0.126 -0.004 -0.005 -0.001 -0.002 0.001
0.125 -0.002 -0.006 -0.002 -0.001 0.001
0.126 -0.005 -0.007 -0.001 -0.002 0.002
0.126 -0.004 -0.004 0.0 -0.001 0.001
0.125 -0.002 -0.004 -0.0 0.001 0.003
0.125 -0.004 -0.004 -0.0 -0.001 0.006
0.125 -0.006 -0.004 0.0 -0.001 0.004
0.126 -0.006 -0.005 -0.001 -0.002 0.004
0.125 -0.006 -0.005 -0.004 0.0 0.007
0.126 -0.003 -0.006 -0.004 -0.001 0.004
0.124 -0.006 -0.005 -0.005 -0.002 0.005
0.125 -0.007 -0.006 -0.004 0.0 0.004
0.124 -0.005 -0.007 -0.003 -0.001 -0.0
0.126 -0.005 -0.004 -0.004 0.001 0.0
0.125 -0.007 -0.004 -0.004 -0.002 0.002
0.124 -0.009 -0.005 -0.005 -0.002 0.002
0.125 -0.006 -0.004 -0.002 -0.002 0.0
0.124 -0.005 -0.004 -0.002 -0.003 0.003
0.124 -0.005 -0.005 -0.003 -0.002 0.003
0.126 -0.006 -0.006 -0.006 -0.002 0.002
0.124 -0.006 -0.006 -0.005 -0.001 0.0
0.124 -0.004 -0.005 -0.005 -0.001 0.0
0.124 -0.005 -0.006 -0.005 -0.003 0.003
0.124 -0.003 -0.005 -0.008 -0.001 0.004
0.123 -0.003 -0.006 -0.008 -0.003 0.006
0.124 -0.007 -0.003 -0.008 -0.004 0.007
0.125 -0.009 -0.002 -0.011 -0.006 0.007
0.125 -0.01 -0.002 -0.009 -0.004 0.006
0.125 -0.01 -0.006 -0.008 -0.003 0.005
0.124 -0.009 -0.006 -0.009 -0.004 0.003
0.125 -0.006 -0.004 -0.006 -0.003 0.005
0.125 -0.008 -0.005 -0.007 -0.005 0.005
0.125 -0.01 -0.006 -0.008 -0.003 0.006
0.124 -0.011 -0.004 -0.004 -0.006 0.004
0.124 -0.011 -0.008 -0.005 -0.005 0.003
0.124 -0.009 -0.007 -0.006 -0.005 0.003
0.125 -0.008 -0.006 -0.008 -0.004 0.003
0.124 -0.009 -0.006 -0.006 -0.004 0.004
0.125 -0.009 -0.005 -0.008 -0.003 0.004
0.125 -0.01 -0.008 -0.005 -0.005 0.003
0.124 -0.009 -0.008 -0.006 -0.003 0.006
0.125 -0.009 -0.006 -0.006 -0.005 0.003
0.124 -0.008 -0.007 -0.007 -0.004 0.004
0.125 -0.01 -0.007 -0.006 -0.005 0.006
0.124 -0.013 -0.005 -0.005 -0.006 0.006
0.124 -0.013 -0.006 -0.004 -0.004 0.006
0.125 -0.013 -0.006 -0.002 -0.005 0.002
0.124 -0.012 -0.008 -0.002 -0.007 0.001
0.124 -0.013 -0.008 -0.001 -0.006 0.003
0.124 -0.013 -0.01 -0.002 -0.004 0.001
0.124 -0.011 -0.01 -0.003 -0.003 0.002
0.124 -0.008 -0.007 -0.005 -0.005 -0.001
0.124 -0.01 -0.009 -0.004 -0.004 0.004
0.125 -0.011 -0.01 -0.003 -0.004 0.005
0.124 -0.012 -0.011 -0.005 -0.006 0.005
0.124 -0.012 -0.01 -0.005 -0.004 0.005
0.125 -0.006 -0.009 -0.001 -0.002 -0.004
0.126 -0.008 -0.011 0.001 -0.002 -0.002
0.125 -0.007 -0.01 0.001 -0.004 -0.003
0.125 -0.006 -0.012 0.001 -0.003 -0.002
0.125 -0.006 -0.012 0.002 -0.002 -0.003
0.125 -0.006 -0.01 -0.002 -0.0 -0.001
0.124 -0.006 -0.011 0.0 -0.003 -0.004
0.124 -0.006 -0.01 -0.002 -0.001 -0.005
0.125 -0.005 -0.01 -0.002 0.0 -0.006
0.124 -0.005 -0.01 -0.001 -0.001 -0.007
0.124 -0.005 -0.01 -0.001 -0.004 -0.004
0.124 -0.004 -0.01 -0.002 -0.001 -0.006
0.126 -0.004 -0.009 -0.0 -0.001 -0.003
0.125 -0.005 -0.01 -0.002 -0.002 -0.006
0.123 -0.003 -0.009 -0.002 -0.002 -0.006
0.125 -0.003 -0.01 -0.002 -0.004 -0.006
0.125 -0.006 -0.008 -0.003 -0.001 -0.005
0.125 -0.006 -0.012 -0.002 -0.002 -0.004
0.125 -0.003 -0.01 -0.001 -0.003 -0.005
0.125 -0.003 -0.011 -0.0 -0.002 -0.005
0.124 0.0 -0.01 -0.002 -0.003 -0.005
0.125 -0.005 -0.011 -0.003 -0.003 -0.005
0.126 -0.004 -0.01 -0.0 -0.004 -0.005
0.124 -0.003 -0.01 -0.002 -0.003 -0.006
0.124 0.001 -0.011 -0.002 -0.002 -0.005
0.124 -0.0 -0.012 -0.002 -0.004 -0.008
0.124 0.002 -0.013 -0.002 -0.002 -0.005
0.124 0.003 -0.012 -0.0 -0.002 -0.002
0.124 -0.0 -0.011 -0.001 -0.002 0.001
0.124 -0.002 -0.011 -0.002 -0.005 0.001
0.125 -0.002 -0.011 -0.002 -0.004 0.001
0.125 -0.001 -0.01 -0.003 -0.003 -0.001
0.124 0.002 -0.011 -0.002 -0.002 -0.001
0.124 -0.001 -0.012 -0.003 -0.002 -0.0
0.124 -0.001 -0.011 -0.002 -0.004 0.002
0.126 0.0 -0.01 -0.002 -0.003 -0.0
0.124 -0.001 -0.013 -0.003 -0.0 0.0
0.127 -0.0 -0.012 -0.004 -0.002 -0.001
0.125 -0.001 -0.013 -0.002 -0.002 0.004
0.124 -0.003 -0.013 -0.004 -0.001 0.001
0.124 0.0 -0.013 -0.001 -0.004 -0.001
0.125 -0.002 -0.012 -0.001 -0.002 0.001
0.124 -0.0 -0.013 -0.003 -0.003 -0.0
0.124 -0.0 -0.012 -0.001 -0.001 0.001
0.124 0.002 -0.011 -0.001 -0.002 -0.0
0.124 -0.001 -0.013 -0.001 -0.002 0.001
0.125 -0.002 -0.013 -0.004 -0.002 -0.001
0.125 -0.0 -0.012 -0.003 -0.003 -0.004
0.125 -0.001 -0.013 -0.001 -0.003 -0.001
0.124 -0.002 -0.013 -0.002 -0.003 0.0
0.124 -0.0 -0.012 -0.001 -0.003 0.002
0.126 -0.0 -0.012 -0.003 -0.0 0.001
0.124 -0.0 -0.014 -0.002 -0.003 -0.001
0.124 -0.002 -0.014 -0.003 0.0 -0.001
0.124 -0.001 -0.013 0.0 0.0 -0.003
0.125 -0.001 -0.011 0.0 -0.001 -0.001
0.123 -0.0 -0.013 -0.003 -0.002 -0.001
0.125 -0.001 -0.013 0.0 -0.002 -0.0
0.126 -0.001 -0.013 -0.002 -0.003 -0.0
0.126 -0.002 -0.013 -0.001 -0.002 0.003
0.125 -0.002 -0.013 0.001 -0.002 -0.001
0.125 -0.003 -0.013 0.0 -0.002 -0.001
0.126 -0.002 -0.012 -0.003 -0.003 -0.001
0.125 -0.0 -0.011 0.001 -0.001 -0.002
0.123 -0.004 -0.014 -0.003 -0.004 -0.002
0.123 0.0 -0.014 -0.003 -0.004 -0.005
0.124 -0.002 -0.011 -0.002 -0.003 -0.004
0.124 0.001 -0.011 -0.002 -0.004 -0.006
0.124 0.003 -0.013 -0.001 -0.005 -0.003
0.125 0.003 -0.013 -0.001 -0.005 -0.001
0.124 0.0 -0.013 -0.001 -0.003 0.001
0.125 0.0 -0.016 -0.002 -0.001 -0.0
0.122 0.0 -0.014 -0.002 0.001 -0.002
0.124 -0.0 -0.014 -0.001 -0.002 0.001
0.125 -0.001 -0.012 -0.002 -0.002 -0.0
0.125 0.001 -0.014 0.001 -0.002 -0.0
0.125 -0.0 -0.013 -0.001 -0.002 0.0
0.124 0.0 -0.014 -0.001 -0.002 -0.0
0.126 0.0 -0.015 -0.001 -0.002 -0.0
0.126 -0.0 -0.014 0.001 -0.001 0.004
0.125 0.0 -0.013 0.001 -0.002 0.004
0.126 -0.0 -0.012 -0.002 -0.002 0.002
0.125 -0.001 -0.013 -0.002 -0.001 0.0
0.125 0.0 -0.011 -0.001 -0.002 -0.0
0.124 -0.001 -0.013 -0.001 -0.002 0.001
0.124 0.0 -0.013 -0.001 -0.004 -0.001
0.124 0.001 -0.014 -0.0 -0.002 0.0
0.124 0.0 -0.013 0.0 -0.0 0.001
0.123 0.001 -0.013 0.0 -0.002 0.001
0.124 -0.002 -0.015 -0.0 -0.003 0.0
0.124 0.0 -0.014 -0.002 -0.001 -0.003
0.125 -0.002 -0.012 -0.001 0.001 0.0
0.124 -0.001 -0.011 -0.001 -0.002 -0.0
0.125 -0.001 -0.014 -0.002 -0.002 -0.0
0.123 -0.0 -0.013 -0.0 0.0 -0.0
0.124 -0.003 -0.013 -0.003 0.0 0.001
0.123 0.001 -0.013 -0.0 -0.002 -0.0
0.123 0.001 -0.011 -0.003 -0.0 -0.001
0.123 -0.001 -0.013 -0.001 -0.004 0.0
0.122 -0.0 -0.012 -0.0 -0.0 -0.001
0.124 -0.001 -0.012 -0.0 -0.002 -0.0
0.124 -0.001 -0.014 -0.003 -0.002 0.0
0.124 -0.001 -0.014 -0.003 -0.003 -0.0
0.124 0.0 -0.014 -0.002 -0.001 -0.001
0.124 -0.0 -0.014 -0.002 -0.003 0.002
0.124 -0.0 -0.013 -0.004 -0.004 0.001
0.123 0.0 -0.014 -0.001 -0.003 0.004
0.123 0.001 -0.013 -0.001 -0.003 0.002
0.124 0.001 -0.013 -0.001 -0.003 0.004
0.123 -0.001 -0.013 -0.003 -0.004 0.003
0.125 0.0 -0.014 -0.002 -0.001 0.003
0.123 0.001 -0.014 -0.003 -0.0 0.001
0.124 0.0 -0.015 -0.001 -0.002 0.003
0.124 -0.001 -0.014 -0.001 -0.004 0.002
0.124 -0.002 -0.014 -0.001 -0.003 0.005
0.124 -0.003 -0.014 0.002 -0.003 0.006
0.124 -0.002 -0.013 -0.001 -0.003 0.002
0.124 -0.002 -0.013 -0.002 -0.002 0.002
0.124 -0.001 -0.013 -0.0 -0.003 -0.0
0.124 -0.0 -0.017 0.001 -0.002 0.005
0.123 -0.002 -0.015 -0.001 -0.001 0.002
0.124 0.0 -0.012 -0.001 -0.002 0.001
0.124 -0.002 -0.014 -0.004 -0.002 0.006
0.125 -0.002 -0.016 -0.001 -0.003 0.006
0.125 -0.004 -0.015 -0.001 -0.003 0.005
0.124 -0.004 -0.014 -0.001 -0.003 0.004
0.125 -0.004 -0.012 -0.001 -0.005 0.006
0.124 -0.001 -0.016 -0.004 -0.004 0.004
0.125 -0.002 -0.014 -0.002 -0.001 0.004
0.122 -0.004 -0.015 0.0 -0.001 0.003
0.124 -0.004 -0.015 -0.003 -0.002 0.004
0.124 -0.005 -0.014 -0.003 -0.001 0.005
0.123 -0.002 -0.013 -0.002 -0.004 0.007
0.126 -0.004 -0.014 -0.002 -0.001 0.005
0.125 -0.007 -0.017 -0.002 -0.003 0.006
0.126 -0.005 -0.013 -0.001 -0.003 0.002
0.123 -0.005 -0.013 -0.0 -0.002 0.001
0.124 -0.007 -0.014 -0.004 -0.002 0.002
0.124 -0.005 -0.015 -0.001 -0.003 0.003
0.125 -0.004 -0.015 -0.0 -0.001 0.002
0.125 -0.006 -0.015 -0.003 -0.003 0.003
0.125 -0.006 -0.017 -0.002 -0.002 0.002
0.123 -0.006 -0.015 -0.001 -0.004 0.003
0.125 -0.006 -0.016 -0.001 -0.002 0.002
0.125 -0.008 -0.016 -0.001 -0.001 0.002
0.123 -0.006 -0.017 -0.003 -0.003 0.002
0.124 -0.005 -0.015 -0.001 -0.003 0.0
0.123 -0.006 -0.014 0.0 -0.0 0.002
0.124 -0.007 -0.014 -0.004 -0.004 -0.002
0.124 -0.005 -0.017 -0.001 -0.001 0.001
0.125 -0.007 -0.011 -0.003 -0.001 -0.001
0.125 -0.006 -0.01 -0.002 0.002 0.001
0.124 -0.008 -0.013 0.001 -0.002 0.001
0.125 -0.008 -0.01 -0.003 -0.002 0.001
0.122 -0.005 -0.01 -0.001 0.0 0.001
0.126 -0.005 -0.012 -0.001 0.001 0.0
0.124 -0.006 -0.01 -0.002 -0.001 -0.0
0.127 -0.007 -0.009 -0.001 0.001 -0.001
0.124 -0.007 -0.008 -0.0 -0.0 -0.001
0.125 -0.007 -0.009 -0.002 -0.0 0.002
0.122 -0.006 -0.01 -0.001 -0.001 0.0
0.125 -0.006 -0.008 0.0 -0.002 0.001
0.125 -0.007 -0.009 -0.001 0.001 0.003
0.125 -0.008 -0.008 -0.0 -0.001 0.003
0.124 -0.007 -0.007 -0.001 -0.001 0.0
0.125 -0.008 -0.006 0.0 0.001 0.001
0.124 -0.007 -0.008 0.0 0.001 0.001
0.124 -0.007 -0.007 -0.001 -0.0 -0.001
0.125 -0.007 -0.008 0.0 0.0 -0.003
0.124 -0.006 -0.008 -0.001 0.0 -0.001
0.125 -0.008 -0.008 -0.0 0.0 0.002
0.124 -0.008 -0.006 -0.0 0.001 0.002
0.125 -0.007 -0.007 -0.0 -0.001 0.003
0.125 -0.006 -0.008 0.001 -0.0 0.002
0.123 -0.007 -0.007 -0.001 -0.001 0.001
0.125 -0.009 -0.008 -0.001 0.0 0.003
0.125 -0.007 -0.006 -0.001 0.001 0.002
0.126 -0.008 -0.007 -0.001 -0.001 0.002
0.124 -0.007 -0.007 0.001 -0.003 0.003
0.125 -0.008 -0.006 -0.002 -0.002 0.002
0.124 -0.006 -0.007 -0.001 -0.001 0.003
0.124 -0.008 -0.007 0.001 -0.006 0.002
0.124 -0.008 -0.008 -0.001 -0.004 0.001
0.125 -0.008 -0.009 0.001 -0.004 0.002
0.124 -0.008 -0.009 -0.002 -0.004 0.001
0.125 -0.007 -0.007 -0.001 -0.004 0.001
0.126 -0.008 -0.008 -0.002 -0.003 -0.001
0.124 -0.009 -0.008 -0.002 -0.002 0.0
0.125 -0.008 -0.01 -0.001 -0.003 -0.0
0.124 -0.009 -0.01 -0.002 -0.006 0.0
0.126 -0.009 -0.01 -0.001 -0.004 0.002
0.125 -0.008 -0.009 -0.0 -0.003 0.001
0.124 -0.008 -0.01 -0.0 -0.001 0.002
0.124 -0.006 -0.011 -0.001 -0.004 0.0
0.125 -0.009 -0.008 -0.002 0.001 0.001
0.124 -0.01 -0.01 -0.003 -0.0 0.002
0.124 -0.008 -0.008 -0.002 0.0 0.002
0.125 -0.008 -0.009 -0.001 -0.001 0.006
0.127 -0.008 -0.01 -0.001 -0.0 0.007
0.125 -0.01 -0.009 -0.001 -0.001 0.006
0.126 -0.008 -0.009 -0.001 -0.001 0.006
0.125 -0.009 -0.007 -0.002 -0.0 0.006
0.125 -0.009 -0.008 -0.002 -0.002 0.003
0.124 -0.009 -0.007 -0.003 -0.002 0.003
0.125 -0.011 -0.006 -0.002 0.0 0.004
0.124 -0.012 -0.008 -0.002 0.002 0.003
0.124 -0.01 -0.006 -0.002 -0.001 0.004
0.124 -0.012 -0.008 -0.001 -0.003 0.005
0.125 -0.012 -0.008 -0.0 -0.002 0.003
0.124 -0.011 -0.005 -0.002 -0.001 0.001
0.123 -0.011 -0.007 0.0 -0.001 0.003
0.124 -0.013 -0.007 -0.001 0.002 0.003
0.125 -0.012 -0.009 -0.001 -0.001 0.001
0.126 -0.013 -0.008 -0.002 -0.001 -0.001
0.123 -0.011 -0.007 -0.0 0.001 0.0
0.124 -0.012 -0.009 -0.004 -0.001 -0.001
0.126 -0.012 -0.009 0.0 -0.001 0.002
0.125 -0.011 -0.006 0.002 -0.001 0.001
0.124 -0.012 -0.006 -0.002 -0.004 0.002
0.124 -0.012 -0.007 -0.002 -0.001 0.001
0.125 -0.011 -0.006 -0.001 -0.002 -0.0
0.124 -0.012 -0.007 -0.002 -0.002 -0.001
0.124 -0.011 -0.007 -0.001 0.0 0.001
0.123 -0.012 -0.007 -0.002 -0.002 0.001
0.125 -0.012 -0.008 0.0 0.001 0.0
0.126 -0.013 -0.007 -0.005 -0.003 0.0
0.125 -0.013 -0.007 0.0 -0.001 -0.001
0.125 -0.012 -0.007 -0.001 -0.002 -0.0
0.125 -0.01 -0.007 -0.001 -0.002 -0.002
0.125 -0.013 -0.009 -0.0 -0.001 -0.003
0.125 -0.013 -0.009 -0.003 -0.0 -0.001
0.125 -0.012 -0.008 -0.0 -0.001 0.001
0.125 -0.011 -0.005 0.001 -0.001 -0.002
0.125 -0.012 -0.006 -0.001 0.0 -0.002
0.124 -0.013 -0.005 -0.001 -0.0 -0.001
0.123 -0.012 -0.008 -0.001 -0.002 0.001
0.123 -0.012 -0.008 0.0 -0.001 0.0
0.127 -0.012 -0.006 0.001 -0.001 -0.003
0.125 -0.013 -0.007 -0.001 -0.0 -0.002
0.125 -0.011 -0.006 -0.001 -0.002 -0.004
0.124 -0.01 -0.007 -0.001 -0.003 -0.002
0.125 -0.01 -0.005 -0.001 -0.001 -0.004
0.124 -0.011 -0.005 0.002 -0.001 -0.003
0.125 -0.01 -0.007 -0.0 0.0 -0.004
0.124 -0.01 -0.007 -0.002 -0.003 -0.004
0.124 -0.01 -0.006 -0.0 -0.001 -0.002
0.124 -0.011 -0.007 -0.001 -0.002 -0.002
0.123 -0.01 -0.008 -0.002 -0.001 -0.005
0.125 -0.01 -0.008 -0.003 -0.003 -0.005
0.124 -0.009 -0.008 -0.001 -0.003 -0.002
0.125 -0.008 -0.007 -0.002 0.001 -0.003
0.126 -0.008 -0.008 -0.004 -0.002 -0.001
0.124 -0.008 -0.007 -0.002 -0.0 -0.002
0.123 -0.009 -0.007 -0.001 -0.001 0.002
0.123 -0.008 -0.006 -0.001 -0.003 -0.001
0.125 -0.012 -0.006 0.0 -0.001 -0.0
0.124 -0.009 -0.007 -0.0 -0.003 -0.0
0.124 -0.009 -0.006 0.0 -0.004 -0.002
0.125 -0.009 -0.005 -0.001 -0.002 -0.001
0.124 -0.009 -0.008 -0.003 -0.003 -0.002
0.123 -0.01 -0.005 -0.002 -0.003 -0.003
0.124 -0.008 -0.006 -0.004 -0.002 -0.005
0.124 -0.007 -0.007 -0.001 -0.002 -0.002
0.124 -0.007 -0.011 -0.0 -0.002 -0.001
0.124 -0.009 -0.006 -0.001 -0.004 -0.002
0.123 -0.008 -0.009 -0.001 -0.003 -0.002
0.124 -0.009 -0.007 -0.002 -0.005 -0.002
0.125 -0.008 -0.008 -0.001 -0.003 -0.003
0.125 -0.007 -0.01 -0.002 -0.002 -0.004
0.125 -0.009 -0.008 -0.002 -0.001 -0.004
0.125 -0.009 -0.009 -0.002 -0.003 -0.002
0.124 -0.008 -0.01 -0.002 -0.002 -0.002
0.124 -0.006 -0.008 -0.003 -0.003 -0.001
0.125 -0.008 -0.007 0.0 -0.005 -0.002
0.125 -0.007 -0.008 -0.001 -0.001 -0.002
0.124 -0.007 -0.008 -0.001 -0.003 -0.002
0.125 -0.008 -0.011 -0.001 -0.002 -0.003
0.124 -0.007 -0.008 -0.004 -0.001 -0.006
0.126 -0.007 -0.007 -0.003 -0.001 -0.002
0.125 -0.006 -0.008 -0.002 -0.001 -0.002
0.124 -0.006 -0.008 -0.003 0.0 -0.001
0.124 -0.006 -0.011 0.0 -0.003 -0.003
0.126 -0.007 -0.009 -0.002 -0.003 -0.0
0.123 -0.007 -0.008 0.002 -0.002 -0.002
0.126 -0.006 -0.01 -0.001 -0.003 -0.003
0.126 -0.009 -0.011 0.001 -0.001 -0.001
0.124 -0.01 -0.009 0.002 -0.003 -0.004
0.124 -0.007 -0.009 0.001 0.0 -0.005
0.126 -0.002 -0.012 0.001 -0.004 -0.004
0.123 -0.002 -0.009 -0.001 0.001 -0.003
0.123 0.002 -0.01 -0.001 0.003 0.002
0.124 0.001 -0.004 -0.002 -0.001 0.005
0.124 -0.004 -0.005 -0.003 -0.002 0.007
0.124 -0.008 -0.008 -0.001 -0.002 0.007
0.125 -0.012 -0.01 -0.001 0.002 0.006
0.124 -0.007 -0.009 -0.001 -0.001 0.004
0.125 -0.006 -0.008 -0.001 0.001 0.001
0.124 -0.007 -0.005 -0.003 0.0 0.002
0.125 -0.007 -0.008 -0.001 -0.002 0.001
0.125 -0.007 -0.009 -0.004 -0.001 -0.001
0.125 -0.007 -0.009 -0.0 -0.003 -0.002
0.125 -0.006 -0.01 -0.001 -0.001 -0.002
0.126 -0.004 -0.006 -0.003 -0.004 -0.001
0.125 -0.008 -0.007 -0.0 -0.003 0.0
0.125 -0.008 -0.008 -0.0 -0.002 -0.001
0.125 -0.007 -0.009 -0.002 -0.002 -0.003
0.125 -0.006 -0.008 0.001 -0.003 -0.0
0.125 -0.008 -0.007 0.001 -0.002 -0.001
0.125 -0.008 -0.008 0.002 -0.002 -0.002
0.124 -0.008 -0.01 -0.001 -0.002 -0.006
0.124 -0.007 -0.008 0.002 -0.002 -0.002
0.125 -0.006 -0.01 0.001 -0.001 -0.007
0.125 -0.005 -0.01 0.0 -0.001 -0.007
0.124 -0.004 -0.01 0.001 -0.003 -0.006
0.125 -0.003 -0.009 0.001 -0.002 -0.005
0.125 -0.004 -0.01 -0.001 -0.003 -0.005
0.124 -0.003 -0.01 -0.001 -0.003 -0.003
0.125 -0.005 -0.01 -0.001 -0.004 -0.004
0.125 -0.005 -0.008 0.0 -0.003 -0.004
0.125 -0.002 -0.008 -0.002 -0.004 -0.006
0.125 -0.002 -0.011 -0.001 -0.003 -0.003
0.125 -0.001 -0.01 -0.001 -0.003 -0.003
0.125 -0.003 -0.01 -0.002 -0.002 -0.002
0.124 -0.005 -0.011 -0.002 -0.001 -0.005
0.125 -0.002 -0.009 -0.002 -0.002 -0.004
0.124 -0.001 -0.01 -0.001 -0.003 0.0
0.124 -0.003 -0.009 -0.002 -0.001 0.001
0.125 -0.004 -0.011 -0.001 -0.002 0.002
0.124 -0.003 -0.008 0.0 -0.002 -0.0
0.126 -0.004 -0.009 -0.001 -0.001 0.0
0.125 -0.004 -0.009 -0.003 -0.001 0.001
0.124 -0.005 -0.009 -0.003 -0.0 -0.002
0.125 -0.006 -0.007 -0.001 -0.001 -0.0
0.125 -0.004 -0.012 -0.001 -0.004 0.0
0.126 -0.003 -0.009 -0.0 -0.002 -0.0
0.125 -0.003 -0.009 -0.002 -0.002 0.003
0.124 -0.005 -0.009 -0.001 0.0 -0.001
0.123 -0.005 -0.008 -0.0 -0.001 0.002
0.125 -0.005 -0.01 -0.001 -0.003 0.001
0.124 -0.004 -0.009 -0.0 -0.001 0.001
0.124 -0.004 -0.009 -0.002 -0.0 0.0
0.125 -0.004 -0.009 -0.003 0.002 0.0
0.125 -0.005 -0.01 -0.002 -0.001 -0.002
0.124 -0.004 -0.011 -0.002 -0.001 0.001
0.125 -0.005 -0.009 0.002 -0.002 0.001
0.124 -0.004 -0.008 -0.002 -0.005 0.001
0.125 -0.003 -0.011 -0.0 -0.001 0.003
0.124 -0.005 -0.009 0.001 -0.004 0.004
0.126 -0.005 -0.012 -0.002 -0.001 0.0
0.125 -0.005 -0.01 -0.001 -0.002 0.002
0.126 -0.006 -0.009 -0.002 -0.003 0.001
0.124 -0.005 -0.01 0.0 -0.002 -0.0
0.126 -0.004 -0.01 -0.001 -0.003 0.002
0.124 -0.007 -0.01 -0.0 -0.001 0.0
0.126 -0.005 -0.01 -0.002 -0.0 0.0
0.123 -0.007 -0.01 -0.003 -0.002 -0.001
0.124 -0.004 -0.01 -0.001 -0.002 0.002
0.124 -0.005 -0.01 0.0 0.0 0.002
0.124 -0.004 -0.009 -0.005 -0.001 -0.0
0.125 -0.004 -0.01 -0.004 -0.0 0.0
0.125 -0.006 -0.009 -0.001 -0.002 0.0
0.126 -0.006 -0.009 -0.003 0.0 0.001
0.124 -0.004 -0.008 -0.002 -0.001 -0.002
0.125 -0.005 -0.008 -0.002 0.0 0.002
0.123 -0.004 -0.01 -0.001 -0.004 0.002
0.124 -0.005 -0.011 -0.001 -0.001 0.0
0.126 -0.005 -0.009 -0.0 -0.002 0.0
0.124 -0.006 -0.011 -0.001 -0.001 -0.001
0.124 -0.004 -0.01 -0.003 -0.001 -0.001
0.123 -0.005 -0.01 -0.004 -0.003 0.001
0.125 -0.005 -0.01 -0.001 -0.002 -0.0
0.123 -0.005 -0.009 -0.001 -0.003 -0.002
0.124 -0.005 -0.009 -0.001 -0.002 -0.002
0.123 -0.004 -0.008 -0.0 -0.003 -0.0
0.125 -0.004 -0.01 -0.001 -0.002 -0.002
0.126 -0.005 -0.009 -0.001 -0.002 0.001
0.124 -0.005 -0.009 -0.0 -0.002 0.0
0.125 -0.005 -0.009 -0.001 -0.001 0.001
0.125 -0.005 -0.009 -0.003 -0.003 -0.002
0.125 -0.004 -0.01 -0.001 0.002 0.001
0.125 -0.004 -0.008 -0.003 -0.001 -0.003
0.125 -0.005 -0.009 -0.001 -0.001 0.001
0.125 -0.005 -0.009 -0.001 -0.003 0.001
0.124 -0.005 -0.009 -0.003 -0.002 0.0
0.125 -0.005 -0.011 0.001 -0.002 -0.002
0.125 -0.004 -0.008 0.003 -0.002 -0.002
0.125 -0.004 -0.01 -0.002 0.001 -0.002
0.124 -0.006 -0.009 -0.001 -0.0 -0.004
0.124 -0.004 -0.009 -0.001 -0.0 -0.002
0.124 -0.006 -0.009 -0.002 -0.003 -0.002
0.124 -0.005 -0.009 -0.001 -0.001 -0.0
0.125 -0.004 -0.009 -0.001 -0.002 -0.001
0.125 -0.003 -0.009 -0.0 -0.002 -0.003
0.125 -0.005 -0.01 0.0 -0.001 -0.001
0.124 -0.004 -0.01 0.001 -0.0 -0.002
0.124 -0.001 -0.009 0.001 0.001 -0.0
0.123 -0.001 -0.012 -0.001 -0.001 -0.0
0.124 -0.003 -0.011 -0.001 0.001 0.001
0.126 -0.004 -0.012 0.001 -0.001 -0.0
0.125 -0.003 -0.009 -0.001 0.001 -0.0
0.124 -0.003 -0.009 0.0 -0.002 0.003
0.124 -0.003 -0.008 0.001 -0.0 0.003
0.124 -0.004 -0.008 -0.0 -0.002 0.004
0.124 -0.005 -0.008 -0.003 -0.001 0.006
0.124 -0.007 -0.008 -0.0 -0.0 0.004
0.124 -0.005 -0.009 -0.002 -0.0 0.005
0.125 -0.006 -0.008 -0.003 0.001 0.005
0.124 -0.004 -0.007 -0.004 -0.001 0.004
0.125 -0.006 -0.007 -0.002 -0.0 0.003
0.125 -0.008 -0.009 -0.003 -0.002 0.006
0.123 -0.006 -0.01 -0.0 0.001 0.005
0.123 -0.008 -0.008 -0.002 -0.002 0.005
0.126 -0.007 -0.009 -0.004 0.0 0.004
0.124 -0.007 -0.008 -0.003 -0.004 0.007
0.125 -0.008 -0.011 -0.003 -0.001 0.004
0.126 -0.007 -0.009 -0.003 0.003 0.004
0.124 -0.008 -0.009 -0.003 -0.001 0.005
0.125 -0.01 -0.008 -0.002 0.002 0.004
0.125 -0.009 -0.009 -0.002 -0.001 0.006
0.125 -0.007 -0.01 -0.002 -0.001 0.007
0.125 -0.008 -0.008 -0.003 -0.001 0.006
0.123 -0.007 -0.007 -0.003 -0.003 0.007
0.124 -0.009 -0.008 -0.001 -0.002 0.007
0.124 -0.01 -0.011 -0.002 -0.0 0.01
0.124 -0.01 -0.008 -0.002 -0.002 0.005
0.123 -0.009 -0.007 -0.002 -0.001 0.006
0.125 -0.01 -0.006 -0.002 -0.002 0.008
0.125 -0.011 -0.009 -0.004 -0.002 0.006
0.125 -0.012 -0.009 -0.0 -0.004 0.007
0.125 -0.013 -0.009 -0.002 -0.003 0.006
0.124 -0.011 -0.007 -0.003 -0.005 0.007
0.125 -0.015 -0.01 -0.002 -0.004 0.006
0.125 -0.012 -0.01 -0.002 -0.002 0.005
0.123 -0.011 -0.009 -0.002 -0.005 0.003
0.125 -0.014 -0.01 -0.001 -0.001 0.007
0.125 -0.014 -0.009 -0.001 -0.002 0.007
0.123 -0.014 -0.009 -0.002 -0.002 0.005
0.124 -0.015 -0.009 -0.002 -0.002 0.003
0.124 -0.014 -0.01 0.001 -0.002 0.003
0.125 -0.014 -0.01 -0.001 -0.003 0.001
0.125 -0.014 -0.01 -0.003 -0.002 0.002
0.125 -0.013 -0.009 0.0 0.0 0.002
0.125 -0.014 -0.011 0.0 -0.002 0.001
0.124 -0.016 -0.01 0.0 -0.003 0.002
0.124 -0.013 -0.011 -0.002 -0.001 -0.001
0.124 -0.014 -0.011 -0.001 -0.002 -0.001
0.124 -0.014 -0.01 0.0 -0.001 0.001
0.124 -0.014 -0.01 -0.001 -0.001 -0.001
0.125 -0.012 -0.009 -0.004 -0.001 -0.0
0.123 -0.013 -0.01 -0.001 -0.003 0.001
0.125 -0.002 -0.01 -0.001 -0.003 -0.002
0.13 0.017 -0.028 0.004 0.001 -0.003
0.122 -0.005 -0.001 -0.002 -0.004 -0.004
0.136 0.002 -0.027 0.005 -0.001 0.0
0.125 0.005 -0.015 -0.002 0.002 -0.004
0.125 0.002 -0.01 0.001 -0.0 -0.001
0.125 0.001 -0.012 -0.0 -0.003 -0.0
0.124 0.0 -0.012 -0.0 0.0 -0.0
0.124 -0.001 -0.012 -0.0 -0.0 -0.0
0.124 -0.001 -0.011 -0.001 -0.0 0.001
0.125 -0.001 -0.013 -0.001 -0.002 0.0
0.126 -0.001 -0.011 -0.001 0.0 -0.002
0.125 -0.001 -0.013 0.001 0.001 0.002
0.124 -0.0 -0.009 0.0 -0.0 0.001
0.125 0.002 -0.009 -0.001 -0.002 0.001
0.125 -0.0 -0.011 -0.002 0.0 0.0
0.125 -0.002 -0.01 0.0 -0.003 0.004
0.124 -0.001 -0.01 -0.003 -0.001 -0.0
0.123 -0.001 -0.01 -0.001 -0.001 -0.001
0.126 -0.001 -0.011 -0.001 0.001 0.001
0.125 -0.0 -0.01 -0.0 0.002 0.002
0.125 -0.001 -0.011 0.0 -0.002 0.003
0.124 -0.001 -0.012 0.001 -0.001 -0.001
0.125 -0.003 -0.011 0.0 -0.001 0.001
0.125 -0.001 -0.009 0.002 -0.001 0.003
0.123 -0.002 -0.012 -0.001 -0.001 0.002
0.125 -0.002 -0.013 -0.001 -0.001 -0.002
0.126 -0.001 -0.009 -0.002 0.002 -0.001
0.124 -0.002 -0.007 0.001 -0.0 0.001
0.126 -0.001 -0.01 -0.001 -0.002 -0.001
0.125 -0.001 -0.01 0.001 0.001 -0.001
0.125 -0.0 -0.009 -0.0 0.001 -0.0
0.126 -0.001 -0.01 0.0 0.002 0.001
0.124 -0.003 -0.009 -0.002 -0.0 0.002
0.125 0.0 -0.008 -0.0 0.001 0.002
0.124 -0.002 -0.008 -0.001 -0.0 0.002
0.125 -0.002 -0.008 -0.001 -0.001 -0.001
0.127 -0.004 -0.009 0.001 0.002 0.001
0.127 -0.005 -0.015 0.0 0.004 -0.001
0.125 -0.005 -0.008 0.004 0.002 -0.002
0.123 -0.002 -0.009 0.004 0.001 -0.003
0.125 0.001 -0.009 0.004 0.001 -0.002
0.124 0.001 -0.007 0.001 -0.001 -0.002
0.125 0.005 -0.008 0.0 -0.002 0.003
0.123 0.005 -0.003 0.0 -0.001 0.006
0.126 0.002 -0.005 -0.004 -0.002 0.007
0.125 -0.004 -0.008 -0.002 -0.002 0.008
0.124 -0.008 -0.012 -0.002 -0.0 0.006
0.124 -0.007 -0.013 -0.001 -0.0 0.001
0.126 -0.004 -0.01 -0.0 -0.002 0.003
0.125 -0.002 -0.008 -0.001 -0.001 0.003
0.123 -0.005 -0.008 -0.001 -0.001 0.001
0.126 -0.005 -0.009 -0.002 -0.0 -0.001
0.126 -0.005 -0.007 0.001 -0.001 -0.001
0.125 -0.002 -0.005 -0.001 -0.001 -0.001
0.125 -0.001 -0.005 -0.002 -0.0 0.0
0.124 -0.002 -0.007 -0.002 0.001 0.001
0.125 -0.004 -0.009 -0.001 0.0 0.0
0.127 -0.002 -0.007 -0.002 -0.001 -0.002
0.125 -0.003 -0.01 -0.001 0.001 0.0
0.125 -0.004 -0.008 -0.001 -0.002 -0.0
0.125 -0.003 -0.007 -0.004 -0.001 0.002
0.125 -0.003 -0.005 -0.002 -0.002 -0.002
0.124 0.0 -0.008 -0.002 -0.001 -0.001
0.126 -0.004 -0.006 -0.003 -0.001 0.002
0.125 -0.003 -0.007 -0.002 0.001 -0.002
0.126 -0.003 -0.007 0.0 -0.002 0.001
0.125 -0.003 -0.008 -0.001 -0.001 0.001
0.125 -0.003 -0.007 -0.0 -0.002 0.004
0.125 -0.004 -0.006 0.0 -0.003 0.001
0.124 -0.005 -0.006 -0.001 -0.001 0.0
0.123 -0.004 -0.005 0.001 -0.002 0.0
0.125 -0.004 -0.008 -0.001 -0.003 -0.002
0.125 -0.002 -0.007 -0.002 -0.002 -0.0
0.124 -0.002 -0.009 -0.0 0.0 -0.002
0.125 -0.003 -0.009 -0.001 -0.003 -0.001
0.124 -0.003 -0.006 -0.002 0.0 -0.001
0.127 -0.002 -0.007 0.0 -0.001 0.002
0.127 -0.001 -0.005 -0.0 -0.001 0.002
0.125 -0.004 -0.007 -0.001 -0.0 -0.0
0.125 -0.003 -0.008 -0.003 -0.003 -0.0
0.125 -0.003 -0.007 -0.0 -0.002 0.0
0.125 -0.005 -0.007 -0.002 -0.002 -0.001
0.124 -0.004 -0.008 -0.002 0.001 -0.003
0.126 -0.003 -0.006 -0.0 -0.0 -0.001
0.126 -0.004 -0.007 0.0 -0.001 -0.002
0.125 -0.001 -0.006 -0.001 -0.001 -0.001
0.124 -0.002 -0.005 -0.001 -0.003 -0.001
0.124 -0.002 -0.009 -0.002 -0.002 0.0
0.126 -0.002 -0.008 -0.001 -0.005 -0.002
0.124 -0.003 -0.008 -0.0 -0.001 -0.0
0.125 -0.003 -0.006 -0.001 0.0 -0.002
0.124 -0.003 -0.008 -0.001 0.0 -0.001
0.125 -0.002 -0.006 -0.002 -0.001 -0.001
0.126 -0.005 -0.008 -0.001 -0.0 -0.003
0.126 -0.005 -0.008 0.0 -0.001 -0.001
0.124 -0.003 -0.008 -0.002 -0.001 -0.0
0.125 -0.003 -0.007 -0.001 -0.003 0.0
0.125 -0.002 -0.008 -0.001 -0.004 0.002
0.125 -0.003 -0.008 0.001 -0.004 -0.001
0.124 -0.0 -0.008 0.0 -0.002 0.001
0.124 -0.003 -0.005 0.0 -0.002 0.002
0.125 -0.002 -0.006 0.0 -0.001 0.0
0.124 -0.003 -0.007 -0.001 0.0 0.002
0.124 -0.001 -0.009 0.001 -0.002 0.001
0.125 -0.001 -0.008 0.001 -0.002 0.004
0.125 -0.003 -0.008 0.001 -0.002 0.003
0.125 -0.001 -0.008 0.002 -0.002 0.003
0.125 -0.001 -0.009 0.001 -0.001 0.004
0.125 -0.004 -0.006 0.001 0.0 0.004
0.125 -0.003 -0.009 0.001 0.002 0.003
0.126 -0.003 -0.007 -0.002 -0.001 0.004
0.125 -0.003 -0.007 -0.002 -0.002 0.003
0.125 -0.004 -0.008 -0.002 -0.001 0.001
0.123 -0.002 -0.008 0.0 -0.002 0.004
0.126 -0.003 -0.007 0.001 -0.0 0.006
0.126 -0.006 -0.006 0.002 -0.001 0.003
0.124 -0.004 -0.006 0.001 -0.003 0.004
0.127 -0.006 -0.007 0.0 -0.001 0.004
0.124 -0.004 -0.007 0.0 0.001 0.001
0.126 -0.005 -0.008 -0.0 0.0 0.001
0.125 -0.005 -0.007 -0.002 0.001 0.002
0.126 -0.006 -0.008 -0.001 -0.002 0.001
0.125 -0.006 -0.008 -0.0 -0.0 -0.0
0.125 -0.005 -0.008 -0.001 -0.003 0.002
0.126 -0.005 -0.008 0.001 0.001 0.005
0.124 -0.006 -0.007 0.0 0.0 0.0
0.126 -0.004 -0.008 0.001 0.0 0.002
0.126 -0.004 -0.007 0.0 -0.0 0.003
0.125 -0.005 -0.005 -0.001 -0.001 0.002
0.125 -0.005 -0.006 -0.001 0.002 0.001
0.124 -0.004 -0.006 -0.002 0.001 0.003
0.125 -0.006 -0.007 -0.002 0.0 0.004
0.125 -0.008 -0.007 -0.001 -0.002 0.004
0.124 -0.005 -0.006 -0.002 -0.0 0.003
0.127 -0.007 -0.006 -0.001 -0.0 0.002
0.126 -0.006 -0.006 -0.0 0.001 0.004
0.125 -0.006 -0.005 -0.0 -0.001 0.004
0.126 -0.009 -0.006 -0.0 0.002 -0.0
0.125 -0.008 -0.006 -0.001 0.003 -0.0
0.125 -0.008 -0.006 0.001 0.002 0.001
0.125 -0.008 -0.005 -0.002 0.002 0.001
0.124 -0.008 -0.005 -0.001 0.002 0.001
0.125 -0.007 -0.003 -0.001 -0.002 0.002
0.126 -0.007 -0.004 -0.0 0.001 0.001
0.126 -0.008 -0.005 -0.001 0.0 0.002
0.124 -0.008 -0.004 0.0 -0.001 0.001
0.126 -0.01 -0.006 -0.001 -0.0 0.001
0.125 -0.007 -0.005 -0.002 0.001 -0.002
0.125 -0.009 -0.005 -0.001 -0.001 -0.0
0.122 -0.003 -0.012 -0.001 -0.001 0.0
0.125 -0.005 -0.009 -0.002 -0.004 0.002
0.124 -0.006 -0.011 -0.003 -0.002 0.004
0.124 -0.006 -0.012 -0.002 -0.001 0.005
0.124 -0.01 -0.011 -0.001 -0.003 0.005
0.124 -0.011 -0.012 -0.003 -0.001 0.002
0.125 -0.007 -0.011 -0.002 -0.001 0.002
0.124 -0.006 -0.012 -0.003 -0.001 0.002
0.124 -0.005 -0.012 -0.003 -0.003 0.003
0.124 -0.008 -0.013 -0.002 -0.004 0.004
0.125 -0.009 -0.013 -0.001 -0.001 0.003
0.123 -0.007 -0.012 -0.001 0.001 0.005
0.124 -0.007 -0.011 -0.002 -0.002 0.004
0.125 -0.008 -0.01 -0.001 -0.001 0.005
0.124 -0.011 -0.012 -0.001 -0.001 0.005
0.126 -0.012 -0.011 -0.002 0.0 0.001
0.125 -0.01 -0.012 -0.002 -0.002 -0.001
0.125 -0.01 -0.013 -0.0 -0.002 0.0
0.124 -0.012 -0.012 -0.002 -0.003 -0.0
0.125 -0.009 -0.013 -0.0 -0.003 0.003
0.124 -0.007 -0.011 -0.001 -0.003 0.002
0.123 -0.009 -0.009 -0.001 -0.004 0.001
0.124 -0.009 -0.011 -0.001 -0.003 0.002
0.124 -0.01 -0.013 -0.001 -0.003 0.002
0.125 -0.009 -0.013 -0.003 -0.003 0.0
0.125 -0.01 -0.012 -0.003 -0.002 0.001
0.124 -0.009 -0.011 -0.001 -0.002 0.002
0.125 -0.01 -0.011 -0.001 -0.002 0.001
0.124 -0.01 -0.012 -0.001 -0.002 0.002
0.126 -0.01 -0.011 -0.001 -0.003 -0.0
0.125 -0.01 -0.01 -0.001 -0.003 0.001
0.123 -0.011 -0.013 -0.002 -0.001 -0.001
0.124 -0.009 -0.011 -0.001 -0.002 0.002
0.125 -0.011 -0.013 -0.001 -0.003 -0.001
0.125 -0.011 -0.014 0.001 -0.002 -0.0
0.124 -0.01 -0.013 -0.002 -0.002 -0.001
0.124 -0.01 -0.013 0.001 -0.001 0.0
0.124 -0.011 -0.011 -0.001 -0.001 -0.0
0.125 -0.009 -0.012 -0.0 -0.0 0.001
0.124 -0.011 -0.014 -0.001 -0.002 0.001
0.126 -0.01 -0.014 -0.001 -0.001 0.001
0.123 -0.009 -0.011 -0.0 -0.005 0.0
0.125 -0.008 -0.013 -0.0 -0.004 -0.0
0.124 -0.009 -0.012 -0.003 -0.0 -0.002
0.125 -0.009 -0.012 -0.001 -0.003 -0.001
0.122 -0.01 -0.011 -0.002 0.0 -0.001
0.124 -0.011 -0.012 -0.0 -0.0 -0.001
0.124 -0.01 -0.014 -0.001 -0.001 0.0
0.123 -0.011 -0.012 -0.001 -0.002 0.0
0.125 -0.01 -0.012 -0.0 -0.002 0.002
0.125 -0.01 -0.013 -0.0 -0.005 -0.0
0.124 -0.01 -0.013 -0.001 -0.002 0.001
0.124 -0.011 -0.013 -0.003 -0.002 0.0
0.124 -0.01 -0.013 -0.002 -0.0 -0.002
0.123 -0.009 -0.013 -0.001 -0.001 0.001
0.123 -0.01 -0.013 -0.002 -0.001 0.001
0.123 -0.011 -0.012 0.001 -0.002 0.002
0.123 -0.01 -0.013 -0.0 -0.002 0.001
0.125 -0.011 -0.013 -0.003 0.0 0.0
0.124 -0.011 -0.013 -0.002 -0.004 0.001
0.123 -0.01 -0.013 -0.0 -0.001 0.0
0.123 -0.009 -0.013 -0.002 -0.002 0.0
0.123 -0.01 -0.013 -0.001 0.0 0.0
0.123 -0.011 -0.012 -0.002 -0.001 0.0
0.124 -0.01 -0.013 -0.001 0.0 -0.0
0.124 -0.009 -0.014 -0.001 -0.002 -0.001
0.125 -0.011 -0.013 -0.001 -0.001 0.001
0.125 -0.009 -0.013 0.0 -0.003 0.0
0.123 -0.009 -0.014 -0.001 -0.001 -0.002
0.125 -0.01 -0.012 0.002 -0.002 -0.002
0.124 -0.011 -0.013 -0.001 0.0 0.001
0.123 -0.008 -0.014 -0.002 0.0 -0.0
0.125 -0.01 -0.014 -0.0 -0.0 -0.002
0.125 -0.009 -0.013 -0.002 -0.001 0.001
0.123 -0.009 -0.014 -0.002 -0.002 -0.001
0.123 -0.01 -0.012 0.001 -0.0 0.001
0.124 -0.009 -0.013 -0.001 -0.001 -0.001
0.125 -0.009 -0.012 0.001 -0.001 -0.001
0.125 -0.009 -0.012 -0.001 -0.001 0.001
0.125 -0.011 -0.013 0.0 -0.001 0.001
0.125 -0.009 -0.013 -0.003 -0.0 -0.0
0.125 -0.011 -0.014 -0.002 0.0 -0.002
0.125 -0.01 -0.012 -0.001 -0.001 0.001
0.123 -0.009 -0.013 -0.002 -0.001 -0.002
0.123 -0.009 -0.012 -0.001 -0.0 0.001
0.124 -0.01 -0.013 -0.001 -0.002 -0.0
0.124 -0.009 -0.012 0.0 -0.002 -0.002
0.125 -0.01 -0.011 -0.001 -0.001 -0.001
0.124 -0.01 -0.013 0.001 -0.001 0.0
0.124 -0.011 -0.012 -0.001 0.0 -0.001
0.125 -0.009 -0.012 -0.002 -0.002 0.0
0.123 -0.01 -0.013 0.0 -0.001 0.001
0.123 -0.01 -0.013 0.001 0.002 0.0
0.125 -0.01 -0.011 0.001 0.001 -0.004
0.125 -0.009 -0.012 0.001 -0.001 -0.0
0.125 -0.011 -0.013 0.002 -0.001 -0.001
0.124 -0.01 -0.012 0.002 0.001 -0.002
0.125 -0.011 -0.012 0.005 -0.002 -0.002
0.124 -0.01 -0.011 0.004 0.001 0.001
0.124 -0.01 -0.012 0.003 -0.001 -0.002
0.124 -0.01 -0.014 0.002 0.001 -0.002
0.124 -0.009 -0.011 0.001 -0.001 -0.004
0.124 -0.009 -0.01 0.004 -0.0 -0.0
0.124 -0.008 -0.012 0.001 0.0 0.001
0.124 -0.009 -0.013 0.002 -0.001 0.0
0.124 -0.009 -0.013 0.0 0.0 0.0
0.124 -0.01 -0.013 0.002 -0.002 -0.001
0.123 -0.009 -0.012 0.003 -0.003 0.0
0.124 -0.009 -0.012 0.001 0.001 -0.001
0.124 -0.008 -0.012 0.002 0.0 -0.001
0.124 -0.01 -0.009 0.001 -0.002 -0.003
0.125 -0.009 -0.013 0.003 -0.003 -0.005
0.124 -0.007 -0.013 0.002 -0.003 -0.002
0.124 -0.008 -0.012 0.001 -0.001 -0.002
0.125 -0.009 -0.011 0.002 -0.002 -0.003
0.125 -0.011 -0.008 0.0 -0.001 -0.001
0.123 -0.01 -0.009 0.002 -0.001 -0.006
0.124 -0.01 -0.011 0.004 0.001 -0.004
0.126 -0.01 -0.012 0.004 -0.0 -0.006
0.124 -0.009 -0.011 0.003 -0.002 -0.004
0.124 -0.007 -0.011 0.004 -0.001 -0.008
0.125 -0.007 -0.012 0.003 -0.001 -0.009
0.125 -0.008 -0.012 0.006 -0.001 -0.006
0.124 -0.005 -0.012 0.004 -0.001 -0.006
0.126 -0.01 -0.011 0.007 -0.0 -0.007
0.123 -0.007 -0.012 0.007 -0.001 -0.007
0.126 -0.005 -0.011 0.006 0.0 -0.006
0.125 -0.008 -0.012 0.009 0.002 -0.006
0.123 -0.009 -0.009 0.013 -0.001 -0.009
0.128 -0.008 -0.001 0.015 0.005 -0.008
0.124 -0.003 -0.017 0.009 0.001 -0.008
0.124 -0.004 -0.012 0.013 0.001 -0.008
0.123 -0.005 -0.014 0.012 -0.001 -0.008
0.124 -0.003 -0.012 0.014 0.001 -0.006
0.125 -0.001 -0.011 0.011 0.001 -0.006
0.124 0.001 -0.01 0.01 0.0 -0.005
0.125 -0.004 -0.009 0.007 0.0 -0.006
0.124 -0.006 -0.01 0.005 0.002 -0.007
0.126 -0.001 -0.011 0.006 -0.0 -0.008
0.124 -0.002 -0.013 0.005 0.001 -0.006
0.124 0.001 -0.014 0.005 0.002 -0.004
0.124 0.001 -0.011 0.002 -0.0 -0.004
0.125 0.002 -0.01 -0.0 -0.002 -0.003
0.125 -0.003 -0.011 0.002 -0.0 -0.001
0.124 -0.005 -0.008 0.001 -0.002 0.0
0.125 -0.005 -0.009 0.001 0.001 -0.004
0.126 -0.001 -0.008 0.003 0.001 -0.004
0.123 0.001 -0.009 0.0 -0.001 -0.004
0.124 0.001 -0.011 0.001 -0.0 -0.001
0.125 0.0 -0.009 -0.001 0.001 -0.001
0.124 -0.007 -0.011 -0.001 -0.001 -0.004
0.124 -0.007 -0.011 -0.001 -0.001 -0.002
0.125 -0.008 -0.011 -0.001 -0.0 -0.004
0.124 -0.006 -0.015 -0.001 0.001 -0.004
0.125 -0.004 -0.014 -0.001 -0.002 -0.004
0.124 -0.003 -0.011 -0.003 0.0 -0.001
0.124 -0.008 -0.011 -0.0 0.0 -0.0
0.124 -0.006 -0.013 -0.0 0.001 -0.003
0.126 -0.005 -0.012 -0.001 0.0 -0.001
0.126 -0.004 -0.011 -0.003 0.001 -0.001
0.125 -0.005 -0.01 -0.001 -0.001 -0.002
0.125 -0.005 -0.012 -0.002 0.002 -0.004
0.125 -0.005 -0.012 -0.002 0.001 -0.002
0.125 -0.004 -0.012 -0.001 0.001 0.001
0.124 -0.006 -0.01 -0.002 0.001 -0.002
0.125 -0.008 -0.01 0.001 0.0 0.001
0.124 -0.007 -0.01 -0.001 0.0 -0.003
0.124 -0.007 -0.011 -0.001 -0.002 -0.002
0.125 -0.005 -0.009 -0.002 0.001 -0.002
0.125 -0.004 -0.009 -0.001 -0.001 -0.005
0.124 -0.003 -0.012 0.0 0.001 -0.003
0.125 -0.005 -0.012 -0.001 -0.001 -0.004
0.126 -0.007 -0.011 -0.005 -0.001 -0.006
0.125 -0.008 -0.009 -0.003 -0.001 -0.007
0.125 -0.008 -0.01 -0.001 -0.001 -0.008
0.124 -0.003 -0.01 0.001 0.001 -0.008
0.124 -0.001 -0.01 0.001 -0.0 -0.006
0.124 -0.0 -0.01 -0.0 -0.0 -0.007
0.124 -0.002 -0.01 0.001 0.001 -0.006
0.125 -0.002 -0.012 0.001 0.002 -0.004
0.124 -0.002 -0.009 0.001 0.003 -0.008
0.125 -0.001 -0.011 -0.001 0.003 -0.005
0.125 -0.002 -0.012 -0.0 0.003 -0.006
0.124 0.001 -0.01 -0.001 0.002 -0.008
0.125 -0.002 -0.009 -0.0 0.003 -0.003
0.124 -0.001 -0.009 0.002 0.002 -0.004
0.125 0.002 -0.009 0.002 0.002 -0.003
0.124 0.004 -0.01 0.001 0.002 -0.002
0.124 0.004 -0.009 -0.001 0.0 0.0
0.127 0.003 -0.009 -0.003 0.003 -0.002
0.125 -0.0 -0.01 -0.002 0.002 -0.001
0.124 0.001 -0.007 -0.002 0.003 0.004
0.125 -0.001 -0.009 -0.002 -0.0 0.0
0.127 -0.004 -0.009 -0.002 0.002 0.003
0.125 -0.004 -0.007 -0.001 0.001 0.002
0.126 -0.006 -0.008 -0.0 0.001 -0.0
0.126 -0.005 -0.013 -0.001 0.003 -0.004
0.124 -0.002 -0.01 0.001 0.004 -0.004
0.125 -0.002 -0.006 0.001 0.006 -0.006
0.125 -0.006 -0.005 0.002 0.006 -0.007
0.125 -0.006 -0.007 -0.0 0.006 -0.011
0.125 -0.001 -0.006 0.002 0.005 -0.015
0.125 0.002 -0.002 0.005 0.003 -0.012
0.125 0.006 -0.003 0.006 0.004 -0.009
0.125 0.005 -0.004 0.002 0.003 -0.006
0.126 0.006 -0.003 0.003 0.002 -0.007
0.125 0.006 -0.009 0.004 0.002 -0.006
0.125 0.006 -0.005 0.0 0.004 -0.002
0.125 0.006 -0.004 0.0 0.003 -0.004
0.126 0.004 -0.004 0.002 0.004 -0.0
0.125 0.004 -0.001 0.001 0.003 0.0
0.124 0.003 -0.002 0.0 0.001 -0.002
0.125 0.003 -0.003 -0.0 0.0 -0.001
0.125 0.003 -0.002 -0.002 -0.001 0.001
0.124 0.004 -0.001 -0.002 0.002 0.0
0.123 0.005 -0.001 -0.0 -0.002 0.002
0.125 0.004 -0.004 -0.001 -0.001 0.003
0.127 0.004 -0.003 -0.001 -0.002 0.001
0.125 0.003 -0.003 -0.003 -0.002 0.002
0.125 0.002 -0.005 -0.001 -0.0 0.003
0.126 0.002 -0.002 -0.001 -0.003 0.002
0.125 0.003 -0.003 0.0 -0.0 0.002
0.125 0.002 -0.003 -0.001 -0.003 0.004
0.126 0.002 -0.004 -0.003 -0.005 0.007
0.125 0.0 -0.004 0.0 -0.002 0.004
0.126 0.001 -0.004 0.0 -0.003 0.006
0.126 0.001 -0.001 -0.003 -0.002 0.003
0.125 0.002 -0.003 0.0 -0.002 0.002
0.125 0.002 -0.003 -0.002 -0.004 0.003
0.125 0.0 -0.005 -0.002 -0.003 0.004
0.126 -0.0 -0.005 -0.002 -0.005 0.006
0.124 0.002 -0.005 -0.003 -0.002 0.012
0.125 -0.001 -0.002 0.002 -0.003 0.013
0.126 -0.003 -0.005 -0.003 -0.004 0.003
0.127 -0.001 -0.006 -0.0 -0.004 0.003
0.125 -0.0 -0.003 -0.001 -0.003 -0.001
0.125 0.0 -0.002 -0.002 -0.003 0.003
0.126 -0.001 -0.003 0.001 -0.004 0.002
0.125 -0.002 -0.007 -0.001 -0.004 0.001
0.125 -0.002 -0.006 -0.001 -0.003 -0.0
0.125 -0.001 -0.009 0.001 -0.004 -0.001
0.126 0.001 -0.006 -0.001 -0.002 -0.0
0.126 0.0 -0.004 -0.001 -0.001 -0.0
0.126 0.001 -0.003 -0.002 -0.004 0.001
0.124 -0.0 -0.005 -0.0 -0.003 0.001
0.124 -0.001 -0.007 -0.004 -0.001 -0.001
0.125 0.0 -0.004 -0.001 -0.003 -0.0
0.125 0.0 -0.005 -0.002 -0.002 -0.002
0.126 0.001 -0.006 0.0 -0.003 -0.003
0.124 0.001 -0.005 0.001 -0.004 -0.002
0.124 0.0 -0.004 -0.0 -0.006 -0.002
0.125 -0.002 -0.004 -0.002 -0.003 -0.002
0.125 -0.0 -0.005 -0.001 -0.002 -0.002
0.125 0.002 -0.006 -0.001 -0.003 -0.005
0.126 0.002 -0.005 -0.002 -0.003 -0.002
0.124 0.002 -0.005 -0.004 -0.003 -0.0
0.125 0.0 -0.005 -0.002 -0.004 -0.002
0.124 0.002 -0.007 -0.005 -0.004 -0.001
0.129 0.006 -0.009 0.001 -0.002 0.003
0.123 -0.011 0.012 -0.001 -0.006 -0.001
0.125 0.006 -0.012 -0.001 -0.006 -0.002
0.125 0.008 -0.023 -0.002 -0.002 0.002
0.126 -0.002 -0.005 -0.002 0.0 0.005
0.126 -0.002 -0.001 -0.002 -0.005 -0.001
0.126 -0.004 0.001 -0.002 -0.001 0.001
0.125 -0.001 -0.004 -0.002 -0.003 -0.002
0.127 0.001 -0.009 -0.001 -0.002 -0.003
0.125 0.001 -0.008 0.001 -0.004 -0.0
0.125 0.002 -0.007 -0.001 -0.001 -0.002
0.124 0.004 -0.006 -0.002 -0.001 0.001
0.122 0.001 -0.005 -0.0 -0.002 0.003
0.125 0.005 -0.009 0.001 -0.001 0.004
0.125 0.001 -0.006 -0.002 -0.001 0.005
0.126 -0.003 -0.005 -0.001 -0.001 0.004
0.125 -0.0 -0.007 -0.003 -0.003 -0.001
0.125 0.002 -0.006 -0.004 -0.001 0.0
0.126 0.0 -0.006 -0.005 0.001 -0.0
0.122 0.002 -0.007 -0.002 -0.002 0.006
0.125 0.0 -0.008 -0.002 -0.002 0.003
0.125 0.0 -0.006 -0.004 0.001 0.002
0.125 0.001 -0.005 -0.005 -0.002 0.004
0.124 -0.001 -0.005 -0.006 0.0 0.005
0.125 -0.0 -0.005 -0.009 0.001 0.003
0.126 -0.003 -0.006 -0.009 -0.002 0.003
0.126 -0.006 -0.007 -0.007 -0.002 0.002
0.125 -0.002 -0.011 -0.005 -0.001 0.002
0.125 0.005 -0.006 -0.002 0.001 0.003
0.125 0.006 -0.006 -0.001 0.003 0.005
0.124 0.001 -0.003 0.001 0.001 0.009
0.125 -0.002 -0.003 0.0 -0.001 0.011
0.124 -0.002 -0.003 0.0 -0.004 0.011
0.124 -0.004 -0.003 -0.002 -0.001 0.008
0.124 -0.004 -0.003 -0.004 -0.003 0.013
0.127 -0.005 -0.007 -0.003 0.001 0.01
0.127 -0.009 -0.005 -0.003 -0.002 0.008
0.124 -0.013 -0.006 0.001 -0.001 0.008
0.125 -0.01 -0.003 -0.0 -0.001 0.001
0.123 -0.007 -0.003 -0.001 -0.003 0.002
0.124 -0.005 -0.008 0.0 -0.002 -0.003
0.127 -0.006 -0.008 -0.001 -0.001 -0.001
0.125 -0.012 0.02 0.001 -0.002 0.005
0.124 -0.01 0.021 -0.003 -0.001 0.001
0.124 -0.012 0.02 -0.003 -0.003 -0.001
0.125 -0.013 0.016 -0.0 -0.004 -0.006
0.126 -0.008 0.015 0.002 -0.004 -0.009
0.124 -0.004 0.013 0.004 -0.004 -0.01
0.126 0.002 0.013 0.003 -0.001 -0.008
0.125 0.005 0.011 0.002 0.0 -0.005
0.125 0.005 0.015 -0.001 0.005 -0.006
0.125 0.001 0.017 -0.001 0.003 -0.005
0.124 -0.002 0.02 -0.001 0.001 -0.003
0.123 -0.006 0.023 0.0 0.001 -0.008
0.125 0.001 0.022 -0.0 -0.002 -0.007
0.124 -0.004 0.02 -0.002 -0.001 -0.004
0.125 0.004 0.014 -0.0 -0.004 -0.005
0.113 0.015 0.036 -0.001 0.004 -0.01
0.13 0.001 0.011 -0.003 0.001 -0.012
0.122 -0.01 0.036 -0.001 0.003 -0.009
0.125 0.005 0.02 -0.002 -0.001 -0.015
0.129 0.008 0.023 -0.001 -0.001 -0.012
0.128 0.007 0.018 0.001 0.001 -0.01
0.128 0.002 0.017 -0.003 -0.0 -0.036
0.116 0.013 0.026 -0.005 -0.002 -0.019
0.127 0.008 0.013 -0.003 -0.001 -0.011
0.115 0.018 0.011 -0.011 -0.004 -0.007
0.111 0.01 0.027 0.012 0.002 0.027
0.142 0.003 0.016 -0.038 -0.022 -0.06
0.108 0.005 0.025 -0.007 -0.015 0.019
0.156 -0.007 -0.01 0.075 0.053 -0.02
0.121 0.01 0.016 -0.0 0.003 0.006
0.125 0.005 0.02 0.005 -0.001 0.005
0.128 0.003 0.015 -0.004 -0.003 -0.015
0.118 0.005 0.021 -0.009 -0.004 -0.006
0.131 0.004 0.022 0.007 -0.006 -0.004
0.129 0.023 0.017 0.01 -0.005 -0.013
0.127 0.0 0.015 -0.001 0.001 -0.002
0.124 -0.001 0.017 -0.004 0.001 0.007
0.125 -0.005 0.022 0.001 -0.004 0.003
0.125 0.006 0.017 -0.001 0.0 0.004
0.125 0.011 0.018 -0.002 -0.001 0.004
0.125 0.002 0.021 0.001 -0.004 0.005
0.123 0.001 0.015 -0.009 -0.003 0.006
0.129 0.005 0.018 -0.005 0.0 0.007
0.122 0.005 0.019 -0.002 0.001 0.009
0.126 -0.008 0.016 -0.002 -0.007 -0.002
0.127 0.001 0.02 0.002 -0.008 0.013
0.128 -0.0 0.015 -0.011 0.002 -0.006
0.126 0.002 0.02 -0.004 -0.001 0.002
0.122 -0.002 0.021 0.001 -0.003 -0.004
0.125 0.0 0.02 -0.001 -0.002 0.005
0.125 0.002 0.018 -0.001 -0.001 0.001
0.125 -0.002 0.019 -0.0 -0.002 -0.001
0.126 0.008 0.016 -0.004 -0.006 0.003
0.122 0.003 0.02 0.003 0.0 -0.005
0.126 -0.006 0.019 -0.004 0.006 0.015
0.122 0.003 0.023 0.008 0.001 0.002
0.125 -0.0 0.019 -0.002 -0.0 0.0
0.119 -0.013 0.02 0.009 -0.001 -0.01
0.119 -0.006 0.015 0.006 0.002 -0.02
0.121 0.005 0.014 0.017 0.003 -0.0
0.127 0.009 0.023 0.019 -0.022 -0.008
0.125 0.007 0.025 -0.001 0.012 0.015
0.125 0.025 0.021 -0.003 -0.004 -0.004
0.131 0.005 0.023 -0.001 0.001 0.002
0.122 -0.007 0.019 -0.008 -0.002 0.03
0.131 0.0 0.018 -0.017 0.005 0.025
0.126 0.014 0.014 -0.0 0.004 0.008
0.126 0.001 0.014 -0.006 0.002 0.004
0.125 0.003 0.013 -0.003 0.003 0.006
0.126 0.012 0.025 -0.008 0.0 0.005
0.128 -0.003 0.022 -0.003 0.001 0.01
0.124 -0.007 0.024 -0.008 -0.002 0.008
0.126 -0.003 0.02 -0.003 0.001 0.004
0.122 -0.002 0.023 -0.002 0.002 0.003
0.126 -0.004 0.02 -0.003 0.001 -0.001
0.123 0.0 0.021 -0.0 -0.0 -0.002
0.123 0.007 0.018 -0.001 0.001 0.001
0.128 0.008 0.001 0.002 0.006 0.006
0.124 -0.003 0.036 0.005 0.006 0.008
0.121 -0.005 0.022 -0.009 -0.002 0.013
0.123 -0.009 0.007 -0.013 0.008 0.035
0.124 0.005 0.024 -0.009 0.003 0.003
0.125 0.002 0.019 -0.016 -0.007 -0.006
0.125 0.001 0.018 -0.002 -0.0 0.008
0.12 -0.026 0.029 -0.009 -0.025 0.024
0.126 0.01 0.016 0.0 -0.004 0.023
0.125 0.018 0.019 0.019 -0.017 -0.05
0.12 -0.012 0.018 -0.047 -0.006 0.032
0.116 -0.011 0.017 0.033 -0.009 0.096
0.111 -0.015 0.015 -0.004 -0.032 -0.005
0.104 0.034 0.047 0.002 0.014 -0.059
0.121 -0.01 0.035 0.005 0.001 0.03
0.131 -0.026 0.027 -0.018 -0.005 0.006
0.127 -0.018 0.023 -0.005 -0.002 -0.002
0.119 -0.002 0.02 -0.001 0.0 -0.006
0.121 0.009 0.017 -0.002 -0.003 -0.002
0.125 -0.002 0.019 -0.002 -0.004 0.007
0.121 -0.013 0.023 -0.002 -0.001 -0.0
0.122 0.003 0.02 -0.004 0.0 -0.002
0.116 -0.007 0.033 -0.004 -0.004 0.001
0.147 -0.02 -0.0 -0.0 -0.004 -0.008
0.104 0.14 0.005 0.008 -0.011 -0.001
0.126 -0.002 0.026 -0.002 0.002 -0.001
0.122 -0.007 0.016 0.003 -0.003 -0.003
0.122 -0.005 0.022 0.004 -0.001 -0.003
0.127 0.007 0.017 0.003 0.002 0.0
0.135 -0.012 0.023 -0.001 -0.004 0.002
0.124 -0.009 0.025 -0.004 0.001 -0.0
0.121 0.027 0.043 -0.014 -0.041 0.014
0.032 0.055 0.171 -0.108 0.12 -0.47
0.123 -0.013 -0.023 0.063 0.044 0.073
0.101 -0.006 0.047 0.001 -0.0 0.038
0.12 -0.01 0.039 -0.029 -0.015 -0.002
0.128 -0.02 0.026 -0.04 -0.023 -0.006
0.129 0.006 -0.0 -0.002 0.004 -0.012
0.128 -0.007 0.023 0.0 -0.002 -0.003
0.123 -0.0 0.017 -0.001 -0.004 -0.001
0.122 0.002 0.021 -0.003 -0.001 0.005
0.125 -0.003 0.019 -0.005 -0.002 0.005
0.124 -0.005 0.016 -0.012 -0.001 0.004
0.122 0.0 0.016 -0.012 -0.0 0.002
0.124 -0.007 0.015 -0.01 -0.002 0.002
0.124 -0.006 0.016 -0.009 0.0 0.003
0.124 -0.008 0.022 -0.005 0.001 0.001
0.119 -0.003 0.03 -0.005 -0.001 0.001
0.128 -0.006 0.018 -0.005 -0.001 -0.004
0.117 0.012 0.022 0.004 -0.003 -0.004
0.13 0.01 0.021 0.005 -0.002 -0.005
0.121 -0.002 0.026 -0.0 0.0 -0.002
0.122 0.0 0.019 -0.008 -0.004 -0.005
0.128 -0.0 0.02 -0.002 -0.004 -0.011
0.121 -0.005 0.021 -0.007 -0.001 0.001
0.116 -0.009 0.022 -0.013 -0.003 0.003
0.123 -0.007 0.022 0.002 -0.003 0.005
0.12 -0.016 0.025 -0.0 -0.004 -0.001
0.122 -0.001 0.026 0.003 -0.004 -0.003
0.13 0.013 0.018 0.014 -0.005 -0.002
0.125 -0.002 0.02 0.006 -0.004 -0.002
0.127 -0.002 0.02 0.002 -0.002 -0.001
0.125 -0.001 0.018 0.001 -0.003 0.002
0.124 -0.007 0.016 -0.002 -0.001 0.002
0.123 -0.002 0.019 0.002 -0.002 -0.0
0.123 -0.002 0.019 0.001 -0.0 0.001
0.125 -0.001 0.016 -0.0 -0.002 -0.0
0.123 -0.003 0.022 0.001 -0.001 -0.001
0.125 -0.001 0.021 -0.0 -0.001 0.007
0.125 -0.007 0.024 -0.0 0.003 -0.005
0.122 0.005 0.02 -0.008 -0.001 0.027
0.121 -0.002 0.021 -0.002 -0.011 -0.013
0.121 -0.003 0.02 0.017 0.004 -0.003
